01004000,Aitkin,5.12,0.66,Standard trap nets,8,0.5-11.3,0.3-0.8,BLB,113266,1988-07-11,41,27.2
01004000,Aitkin,0.88,0.94,Standard trap nets,8,0.5-4.3,0.5-0.9,BRB,113266,1988-07-11,7,6.6
01004000,Aitkin,5.00,0.27,Standard trap nets,8,0.5-3.3,0.1-0.2,YEP,113266,1988-07-11,40,10.7
01004000,Aitkin,0.67,0.75,Standard gill nets,3,0.6-7.0,0.3-0.7,YEB,113266,1988-07-11,2,1.5
01004000,Aitkin,3.33,1.38,Standard gill nets,3,3.6-11.0,1.3-2.3,NOP,113266,1988-07-11,10,13.8
01004000,Aitkin,3.88,0.71,Standard trap nets,8,1.4-5.0,0.4-0.8,YEB,113266,1988-07-11,31,22.1
01004000,Aitkin,0.50,0.82,Standard trap nets,8,N/A,N/A,NOP,113266,1988-07-11,4,3.3
01004000,Aitkin,0.67,1.90,Standard gill nets,3,0.2-2.2,1.5-1.9,SHR,113266,1988-07-11,2,3.8
01004000,Aitkin,0.67,1.20,Standard gill nets,3,1.0-3.2,1.0-2.1,WAE,113266,1988-07-11,2,2.4
01004000,Aitkin,0.12,3.00,Standard trap nets,8,0.2-1.0,1.5-4.9,SHR,113266,1988-07-11,1,3
01004000,Aitkin,3.00,2.14,Standard gill nets,3,0.7-3.5,1.5-2.4,WTS,113266,1988-07-11,9,19.3
01004000,Aitkin,60.33,0.65,Standard gill nets,3,1.0-38.0,0.3-0.7,BLB,113266,1988-07-11,181,117.95
01004000,Aitkin,9.33,0.20,Standard gill nets,3,3.8-22.8,0.1-0.2,YEP,113266,1988-07-11,28,5.5
01004000,Aitkin,0.25,4.00,Standard trap nets,8,0.3-1.1,1.2-3.4,WAE,113266,1988-07-11,2,8
01004000,Aitkin,0.12,0.10,Standard trap nets,8,0.2-0.6,0.2-1.0,LMB,113266,1988-07-11,1,0.1
01004000,Aitkin,9.75,0.21,Standard trap nets,8,1.5-6.8,0.1-0.3,PMK,113266,1988-07-11,78,16.1
01004000,Aitkin,9.12,0.22,Standard trap nets,8,4.0-28.1,0.1-0.3,BLG,113266,1988-07-11,73,15.9
01004000,Aitkin,1.12,6.19,Standard trap nets,8,0.3-1.2,3.3-5.5,BOF,113266,1988-07-11,9,55.7
01004000,Aitkin,0.12,3.50,Standard trap nets,8,0.2-1.4,1.6-3.0,WTS,113266,1988-07-11,1,3.5
01004000,Aitkin,1.75,0.61,Standard trap nets,8,0.7-4.3,0.2-0.6,BLC,113266,1988-07-11,14,8.6
01004000,Aitkin,1.17,0.00,Standard trap nets,12,0.3-1.2,3.3-5.5,BOF,113295,1989-07-11,14,0
01004000,Aitkin,8.00,0.30,Standard trap nets,12,4.0-28.1,0.1-0.3,BLG,113295,1989-07-11,96,28.9
01004000,Aitkin,4.75,0.31,Standard trap nets,12,0.5-3.3,0.1-0.2,YEP,113295,1989-07-11,57,17.45
01004000,Aitkin,0.08,1.40,Standard trap nets,12,0.2-0.6,0.2-1.0,LMB,113295,1989-07-11,1,1.4
01004000,Aitkin,6.33,0.60,Standard trap nets,12,0.5-4.3,0.5-0.9,BRB,113295,1989-07-11,76,45.8
01004000,Aitkin,1.25,0.58,Standard trap nets,12,0.7-4.3,0.2-0.6,BLC,113295,1989-07-11,15,8.75
01004000,Aitkin,1.33,0.90,Standard trap nets,12,N/A,N/A,NOP,113295,1989-07-11,16,14.45
01004000,Aitkin,0.17,0.35,Standard trap nets,12,0.5-11.3,0.3-0.8,BLB,113295,1989-07-11,2,0.7
01004000,Aitkin,0.08,2.70,Standard trap nets,12,0.2-1.4,1.6-3.0,WTS,113295,1989-07-11,1,2.7
01004000,Aitkin,1.00,2.29,Standard trap nets,12,0.3-1.1,1.2-3.4,WAE,113295,1989-07-11,12,27.45
01004000,Aitkin,14.08,0.24,Standard trap nets,12,1.5-6.8,0.1-0.3,PMK,113295,1989-07-11,169,40.3
01004000,Aitkin,0.08,1.80,Standard trap nets,12,0.2-1.0,1.5-4.9,SHR,113295,1989-07-11,1,1.8
01004000,Aitkin,7.50,0.55,Standard trap nets,12,1.4-5.0,0.4-0.8,YEB,113295,1989-07-11,90,49.1
01004000,Aitkin,0.83,0.38,Standard trap nets,6,0.5-11.3,0.3-0.8,BLB,113105,1977-06-22,5,1.9
01004000,Aitkin,0.50,0.60,Standard trap nets,6,0.5-4.3,0.5-0.9,BRB,113105,1977-06-22,3,1.8
01004000,Aitkin,1.00,0.20,Standard trap nets,6,0.5-3.3,0.1-0.2,YEP,113105,1977-06-22,6,1.2
01004000,Aitkin,3.67,0.45,Standard gill nets,3,0.6-7.0,0.3-0.7,YEB,113105,1977-06-22,11,5
01004000,Aitkin,6.67,0.77,Standard gill nets,3,3.6-11.0,1.3-2.3,NOP,113105,1977-06-22,20,15.3
01004000,Aitkin,3.17,0.52,Standard trap nets,6,1.4-5.0,0.4-0.8,YEB,113105,1977-06-22,19,9.9
01004000,Aitkin,1.50,0.36,Standard trap nets,6,N/A,N/A,NOP,113105,1977-06-22,9,3.2
01004000,Aitkin,0.67,0.75,Standard gill nets,3,1.0-3.2,1.0-2.1,WAE,113105,1977-06-22,2,1.5
01004000,Aitkin,2.00,0.30,Standard gill nets,3,N/A,N/A,PMK,113105,1977-06-22,6,1.8
01004000,Aitkin,0.33,5.20,Standard gill nets,3,0.2-0.7,2.9-4.6,BOF,113105,1977-06-22,1,5.2
01004000,Aitkin,3.33,1.95,Standard gill nets,3,0.7-3.5,1.5-2.4,WTS,113105,1977-06-22,10,19.5
01004000,Aitkin,0.33,0.50,Standard gill nets,3,1.0-38.0,0.3-0.7,BLB,113105,1977-06-22,1,0.5
01004000,Aitkin,36.00,0.23,Standard gill nets,3,3.8-22.8,0.1-0.2,YEP,113105,1977-06-22,108,24.7
01004000,Aitkin,82.67,0.29,Standard gill nets,3,0.7-4.5,0.4-0.9,BRB,113105,1977-06-22,248,72
01004000,Aitkin,0.83,1.16,Standard trap nets,6,0.3-1.1,1.2-3.4,WAE,113105,1977-06-22,5,5.8
01004000,Aitkin,2.33,0.23,Standard trap nets,6,1.5-6.8,0.1-0.3,PMK,113105,1977-06-22,14,3.2
01004000,Aitkin,0.17,0.10,Standard trap nets,6,4.0-28.1,0.1-0.3,BLG,113105,1977-06-22,1,0.1
01004000,Aitkin,0.67,3.92,Standard trap nets,6,0.3-1.2,3.3-5.5,BOF,113105,1977-06-22,4,15.7
01004000,Aitkin,0.17,0.40,Standard trap nets,6,0.7-4.3,0.2-0.6,BLC,113105,1977-06-22,1,0.4
01004000,Aitkin,0.22,0.82,Standard trap nets,9,0.5-4.3,0.5-0.9,BRB,970818551751003,2008-07-14,2,748
01004000,Aitkin,0.22,0.27,Standard trap nets,9,0.5-3.3,0.1-0.2,YEP,970818551751003,2008-07-14,2,247
01004000,Aitkin,0.50,0.74,Standard gill nets,6,0.6-7.0,0.3-0.7,YEB,970818551751003,2008-07-14,3,1001
01004000,Aitkin,4.33,1.47,Standard gill nets,6,3.6-11.0,1.3-2.3,NOP,970818551751003,2008-07-14,26,17367
01004000,Aitkin,2.89,0.93,Standard trap nets,9,1.4-5.0,0.4-0.8,YEB,970818551751003,2008-07-14,26,10959
01004000,Aitkin,1.11,1.63,Standard trap nets,9,N/A,N/A,NOP,970818551751003,2008-07-14,10,7400
01004000,Aitkin,0.33,2.59,Standard gill nets,6,0.2-2.2,1.5-1.9,SHR,970818551751003,2008-07-14,2,2349
01004000,Aitkin,0.33,3.46,Standard gill nets,6,1.0-3.2,1.0-2.1,WAE,970818551751003,2008-07-14,2,3143
01004000,Aitkin,0.33,1.19,Standard gill nets,6,0.3-0.9,0.6-1.5,LMB,970818551751003,2008-07-14,2,1084
01004000,Aitkin,1.00,0.40,Standard gill nets,6,N/A,N/A,BLG,970818551751003,2008-07-14,6,1081
01004000,Aitkin,0.83,0.14,Standard gill nets,6,N/A,N/A,PMK,970818551751003,2008-07-14,5,320
01004000,Aitkin,0.17,8.71,Standard gill nets,6,0.2-0.7,2.9-4.6,BOF,970818551751003,2008-07-14,1,3950
01004000,Aitkin,1.33,0.21,Standard gill nets,6,1.0-10.5,0.2-0.3,BLC,970818551751003,2008-07-14,8,773
01004000,Aitkin,5.67,0.19,Standard gill nets,6,3.8-22.8,0.1-0.2,YEP,970818551751003,2008-07-14,34,2987
01004000,Aitkin,0.50,1.23,Standard gill nets,6,0.7-4.5,0.4-0.9,BRB,970818551751003,2008-07-14,3,1679
01004000,Aitkin,0.22,2.62,Standard trap nets,9,0.3-1.1,1.2-3.4,WAE,970818551751003,2008-07-14,2,2378
01004000,Aitkin,0.33,2.37,Standard trap nets,9,0.2-0.6,0.2-1.0,LMB,970818551751003,2008-07-14,3,3222
01004000,Aitkin,2.78,0.31,Standard trap nets,9,1.5-6.8,0.1-0.3,PMK,970818551751003,2008-07-14,25,3500
01004000,Aitkin,9.78,0.42,Standard trap nets,9,4.0-28.1,0.1-0.3,BLG,970818551751003,2008-07-14,88,16869
01004000,Aitkin,2.67,4.73,Standard trap nets,9,0.3-1.2,3.3-5.5,BOF,970818551751003,2008-07-14,24,51504
01004000,Aitkin,0.56,0.34,Standard trap nets,9,0.7-4.3,0.2-0.6,BLC,970818551751003,2008-07-14,5,773
01004000,Aitkin,9.29,0.00,Backpack electrofishing,1.39972222222222,N/A,N/A,PMK,13731619451675000,2016-07-13,13,0
01004000,Aitkin,0.09,0.00,15-ft beach seine,11,N/A,N/A,FND,13731619451675000,2016-07-13,1,0
01004000,Aitkin,0.71,0.00,Backpack electrofishing,1.39972222222222,N/A,N/A,IOD,13731619451675000,2016-07-13,1,0
01004000,Aitkin,5.72,0.00,Backpack electrofishing,1.39972222222222,N/A,N/A,BLG,13731619451675000,2016-07-13,8,0
01004000,Aitkin,7.14,0.00,Backpack electrofishing,1.39972222222222,N/A,N/A,LMB,13731619451675000,2016-07-13,10,0
01004000,Aitkin,3.57,0.00,Backpack electrofishing,1.39972222222222,N/A,N/A,YEP,13731619451675000,2016-07-13,5,0
01004000,Aitkin,3.57,0.00,Backpack electrofishing,1.39972222222222,N/A,N/A,JND,13731619451675000,2016-07-13,5,0
01004000,Aitkin,0.71,0.00,Backpack electrofishing,1.39972222222222,N/A,N/A,NOP,13731619451675000,2016-07-13,1,0
01004000,Aitkin,0.71,0.00,Backpack electrofishing,1.39972222222222,N/A,N/A,TPM,13731619451675000,2016-07-13,1,0
01004000,Aitkin,5.72,0.00,Backpack electrofishing,1.39972222222222,N/A,N/A,CNM,13731619451675000,2016-07-13,8,0
01004000,Aitkin,0.36,0.00,15-ft beach seine,11,N/A,N/A,BLG,13731619451675000,2016-07-13,4,0
01004000,Aitkin,1.36,0.00,15-ft beach seine,11,N/A,N/A,LMB,13731619451675000,2016-07-13,15,0
01004000,Aitkin,0.09,0.00,15-ft beach seine,11,N/A,N/A,YEP,13731619451675000,2016-07-13,1,0
01004000,Aitkin,0.27,0.00,15-ft beach seine,11,N/A,N/A,NOP,13731619451675000,2016-07-13,3,0
01004000,Aitkin,0.09,0.00,15-ft beach seine,11,N/A,N/A,BLC,13731619451675000,2016-07-13,1,0
01004000,Aitkin,0.33,0.67,Standard trap nets,9,0.5-11.3,0.3-0.8,BLB,113362,1993-07-12,3,909
01004000,Aitkin,1.11,0.71,Standard trap nets,9,0.5-4.3,0.5-0.9,BRB,113362,1993-07-12,10,3231
01004000,Aitkin,1.89,0.21,Standard trap nets,9,0.5-3.3,0.1-0.2,YEP,113362,1993-07-12,17,1626
01004000,Aitkin,0.17,0.59,Standard gill nets,6,0.6-7.0,0.3-0.7,YEB,113362,1993-07-12,1,267
01004000,Aitkin,8.67,0.90,Standard gill nets,6,3.6-11.0,1.3-2.3,NOP,113362,1993-07-12,52,21299
01004000,Aitkin,14.67,0.00,Survey seining,3,N/A,N/A,OTM,113362,1993-07-12,44,0
01004000,Aitkin,0.33,0.70,Standard trap nets,9,1.4-5.0,0.4-0.8,YEB,113362,1993-07-12,3,956
01004000,Aitkin,0.67,0.97,Standard trap nets,9,N/A,N/A,NOP,113362,1993-07-12,6,2634
01004000,Aitkin,0.67,2.09,Standard gill nets,6,0.2-2.2,1.5-1.9,SHR,113362,1993-07-12,4,3792
01004000,Aitkin,1.67,0.00,Survey seining,3,N/A,N/A,LMB,113362,1993-07-12,5,0
01004000,Aitkin,0.67,2.48,Standard gill nets,6,1.0-3.2,1.0-2.1,WAE,113362,1993-07-12,4,4494
01004000,Aitkin,0.17,1.57,Standard gill nets,6,0.3-0.9,0.6-1.5,LMB,113362,1993-07-12,1,710
01004000,Aitkin,0.17,0.66,Standard gill nets,6,N/A,N/A,BLG,113362,1993-07-12,1,298
01004000,Aitkin,50.00,0.00,Survey seining,3,N/A,N/A,YEP,113362,1993-07-12,150,0
01004000,Aitkin,0.33,0.26,Standard gill nets,6,N/A,N/A,PMK,113362,1993-07-12,2,240
01004000,Aitkin,0.17,7.41,Standard gill nets,6,0.2-0.7,2.9-4.6,BOF,113362,1993-07-12,1,3360
01004000,Aitkin,0.67,2.76,Standard gill nets,6,0.7-3.5,1.5-2.4,WTS,113362,1993-07-12,4,5011
01004000,Aitkin,1.33,0.21,Standard gill nets,6,1.0-10.5,0.2-0.3,BLC,113362,1993-07-12,8,768
01004000,Aitkin,0.83,0.76,Standard gill nets,6,1.0-38.0,0.3-0.7,BLB,113362,1993-07-12,5,1716
01004000,Aitkin,15.33,0.17,Standard gill nets,6,3.8-22.8,0.1-0.2,YEP,113362,1993-07-12,92,7110
01004000,Aitkin,3.00,0.84,Standard gill nets,6,0.7-4.5,0.4-0.9,BRB,113362,1993-07-12,18,6860
01004000,Aitkin,0.11,1.59,Standard trap nets,9,0.3-1.1,1.2-3.4,WAE,113362,1993-07-12,1,720
01004000,Aitkin,1.56,0.50,Standard trap nets,9,4.0-28.1,0.1-0.3,BLG,113362,1993-07-12,14,3171
01004000,Aitkin,5.22,0.32,Standard trap nets,9,1.5-6.8,0.1-0.3,PMK,113362,1993-07-12,47,6740
01004000,Aitkin,0.78,6.63,Standard trap nets,9,0.3-1.2,3.3-5.5,BOF,113362,1993-07-12,7,21054
01004000,Aitkin,2.00,0.00,Survey seining,3,N/A,N/A,NOP,113362,1993-07-12,6,0
01004000,Aitkin,0.22,3.41,Standard trap nets,9,0.2-1.4,1.6-3.0,WTS,113362,1993-07-12,2,3095
01004000,Aitkin,0.78,0.54,Standard trap nets,9,0.7-4.3,0.2-0.6,BLC,113362,1993-07-12,7,1703
01004000,Aitkin,18.98,0.00,Backpack electrofishing,1.10666666666667,N/A,N/A,LMB,14091622428236002,2016-08-15,21,0
01004000,Aitkin,7.23,0.00,Backpack electrofishing,1.10666666666667,N/A,N/A,PMK,14091622428236002,2016-08-15,8,0
01004000,Aitkin,49.70,0.00,Backpack electrofishing,1.10666666666667,N/A,N/A,BLG,14091622428236002,2016-08-15,55,0
01004000,Aitkin,7.23,0.00,Backpack electrofishing,1.10666666666667,N/A,N/A,BLC,14091622428236002,2016-08-15,8,0
01004000,Aitkin,6.33,0.00,Backpack electrofishing,1.10666666666667,N/A,N/A,CNM,14091622428236002,2016-08-15,7,0
01004000,Aitkin,9.04,0.00,Backpack electrofishing,1.10666666666667,N/A,N/A,YEP,14091622428236002,2016-08-15,10,0
01004000,Aitkin,0.67,0.00,50-ft beach seine,3,N/A,N/A,NOP,14091622428236002,2016-08-15,2,0
01004000,Aitkin,4.52,0.00,Backpack electrofishing,1.10666666666667,N/A,N/A,JND,14091622428236002,2016-08-15,5,0
01004000,Aitkin,0.60,0.00,15-ft beach seine,5,N/A,N/A,CSH,14091622428236002,2016-08-15,3,0
01004000,Aitkin,2.71,0.00,Backpack electrofishing,1.10666666666667,N/A,N/A,TPM,14091622428236002,2016-08-15,3,0
01004000,Aitkin,0.20,0.00,15-ft beach seine,5,N/A,N/A,IOD,14091622428236002,2016-08-15,1,0
01004000,Aitkin,61.33,0.00,50-ft beach seine,3,N/A,N/A,GOS,14091622428236002,2016-08-15,184,0
01004000,Aitkin,2.00,0.00,15-ft beach seine,5,N/A,N/A,LMB,14091622428236002,2016-08-15,10,0
01004000,Aitkin,9.20,0.00,15-ft beach seine,5,N/A,N/A,BLG,14091622428236002,2016-08-15,46,0
01004000,Aitkin,0.20,0.00,15-ft beach seine,5,N/A,N/A,PMK,14091622428236002,2016-08-15,1,0
01004000,Aitkin,7.00,0.00,15-ft beach seine,5,N/A,N/A,YEP,14091622428236002,2016-08-15,35,0
01004000,Aitkin,0.90,0.00,Backpack electrofishing,1.10666666666667,N/A,N/A,BNS,14091622428236002,2016-08-15,1,0
01004000,Aitkin,0.90,0.00,Backpack electrofishing,1.10666666666667,N/A,N/A,YEB,14091622428236002,2016-08-15,1,0
01004000,Aitkin,24.40,0.00,Backpack electrofishing,1.10666666666667,N/A,N/A,GOS,14091622428236002,2016-08-15,27,0
01004000,Aitkin,3.00,0.00,50-ft beach seine,3,N/A,N/A,CSH,14091622428236002,2016-08-15,9,0
01004000,Aitkin,8.33,0.00,50-ft beach seine,3,N/A,N/A,LMB,14091622428236002,2016-08-15,25,0
01004000,Aitkin,36.67,0.00,50-ft beach seine,3,N/A,N/A,BLG,14091622428236002,2016-08-15,110,0
01004000,Aitkin,4.67,0.00,50-ft beach seine,3,N/A,N/A,PMK,14091622428236002,2016-08-15,14,0
01004000,Aitkin,0.90,0.00,Backpack electrofishing,1.10666666666667,N/A,N/A,HSF,14091622428236002,2016-08-15,1,0
01004000,Aitkin,183.33,0.00,50-ft beach seine,3,N/A,N/A,BLC,14091622428236002,2016-08-15,550,0
01004000,Aitkin,37.00,0.00,50-ft beach seine,3,N/A,N/A,YEP,14091622428236002,2016-08-15,111,0
01004000,Aitkin,0.90,0.00,Backpack electrofishing,1.10666666666667,N/A,N/A,CSH,14091622428236002,2016-08-15,1,0
01004000,Aitkin,1.81,0.00,Backpack electrofishing,1.10666666666667,N/A,N/A,IOD,14091622428236002,2016-08-15,2,0
01004000,Aitkin,0.33,0.86,Standard trap nets,9,0.5-4.3,0.5-0.9,BRB,113594,1998-06-22,3,1176
01004000,Aitkin,5.67,0.30,Standard trap nets,9,0.5-3.3,0.1-0.2,YEP,113594,1998-06-22,51,7011
01004000,Aitkin,0.67,0.42,Standard gill nets,6,0.6-7.0,0.3-0.7,YEB,113594,1998-06-22,4,770
01004000,Aitkin,5.83,0.75,Standard gill nets,6,3.6-11.0,1.3-2.3,NOP,113594,1998-06-22,35,11921
01004000,Aitkin,1.33,0.92,Standard trap nets,9,1.4-5.0,0.4-0.8,YEB,113594,1998-06-22,12,5013
01004000,Aitkin,1.00,0.81,Standard trap nets,9,N/A,N/A,NOP,113594,1998-06-22,9,3295
01004000,Aitkin,0.78,0.05,Standard trap nets,9,0.3-0.8,0.1-0.1,GOS,113594,1998-06-22,7,168
01004000,Aitkin,1.17,1.54,Standard gill nets,6,1.0-3.2,1.0-2.1,WAE,113594,1998-06-22,7,4895
01004000,Aitkin,0.33,0.41,Standard trap nets,9,N/A,N/A,HSF,113594,1998-06-22,3,552
01004000,Aitkin,0.17,7.89,Standard gill nets,6,0.2-0.7,2.9-4.6,BOF,113594,1998-06-22,1,3580
01004000,Aitkin,0.50,2.38,Standard gill nets,6,0.3-3.0,1.2-2.0,TLC,113594,1998-06-22,3,3240
01004000,Aitkin,1.50,2.88,Standard gill nets,6,0.7-3.5,1.5-2.4,WTS,113594,1998-06-22,9,11740
01004000,Aitkin,0.50,0.64,Standard gill nets,6,1.0-10.5,0.2-0.3,BLC,113594,1998-06-22,3,868
01004000,Aitkin,16.17,0.27,Standard gill nets,6,3.8-22.8,0.1-0.2,YEP,113594,1998-06-22,97,11845
01004000,Aitkin,1.50,1.73,Standard gill nets,6,0.7-4.5,0.4-0.9,BRB,113594,1998-06-22,9,7048
01004000,Aitkin,0.33,3.47,Standard trap nets,9,0.3-1.1,1.2-3.4,WAE,113594,1998-06-22,3,4720
01004000,Aitkin,0.22,0.08,Standard trap nets,9,0.2-0.6,0.2-1.0,LMB,113594,1998-06-22,2,77
01004000,Aitkin,3.67,0.43,Standard trap nets,9,1.5-6.8,0.1-0.3,PMK,113594,1998-06-22,33,6409
01004000,Aitkin,0.56,0.55,Standard trap nets,9,4.0-28.1,0.1-0.3,BLG,113594,1998-06-22,5,1256
01004000,Aitkin,0.33,5.21,Standard trap nets,9,0.3-1.2,3.3-5.5,BOF,113594,1998-06-22,3,7090
01004000,Aitkin,0.11,0.42,Standard trap nets,9,0.2-1.4,1.6-3.0,WTS,113594,1998-06-22,1,192
01004000,Aitkin,3.44,0.75,Standard trap nets,9,0.7-4.3,0.2-0.6,BLC,113594,1998-06-22,31,10478
01004000,Aitkin,0.33,1.70,Standard trap nets,9,0.5-4.3,0.5-0.9,BRB,13731610232322005,2016-07-12,3,2307
01004000,Aitkin,0.33,0.16,Standard trap nets,9,0.5-3.3,0.1-0.2,YEP,13731610232322005,2016-07-12,3,216
01004000,Aitkin,0.17,1.72,Standard gill nets,6,0.6-7.0,0.3-0.7,YEB,13731610232322005,2016-07-12,1,780
01004000,Aitkin,4.83,1.40,Standard gill nets,6,3.6-11.0,1.3-2.3,NOP,13731610232322005,2016-07-12,29,18435
01004000,Aitkin,0.17,5.35,Standard gill nets,6,N/A,N/A,CCF,13731610232322005,2016-07-12,1,2427
01004000,Aitkin,0.67,1.06,Standard trap nets,9,1.4-5.0,0.4-0.8,YEB,13731610232322005,2016-07-12,6,2892
01004000,Aitkin,0.44,1.11,Standard trap nets,9,N/A,N/A,NOP,13731610232322005,2016-07-12,4,2022
01004000,Aitkin,0.83,2.34,Standard gill nets,6,1.0-3.2,1.0-2.1,WAE,13731610232322005,2016-07-12,5,5314
01004000,Aitkin,0.33,2.17,Standard gill nets,6,0.3-0.9,0.6-1.5,LMB,13731610232322005,2016-07-12,2,1965
01004000,Aitkin,1.17,0.72,Standard gill nets,6,N/A,N/A,BLG,13731610232322005,2016-07-12,7,2293
01004000,Aitkin,0.67,0.15,Standard gill nets,6,N/A,N/A,PMK,13731610232322005,2016-07-12,4,270
01004000,Aitkin,0.67,2.93,Standard gill nets,6,0.2-0.7,2.9-4.6,BOF,13731610232322005,2016-07-12,4,5310
01004000,Aitkin,0.67,1.92,Standard gill nets,6,0.7-3.5,1.5-2.4,WTS,13731610232322005,2016-07-12,4,3478
01004000,Aitkin,2.67,0.26,Standard gill nets,6,1.0-10.5,0.2-0.3,BLC,13731610232322005,2016-07-12,16,1860
01004000,Aitkin,14.33,0.18,Standard gill nets,6,3.8-22.8,0.1-0.2,YEP,13731610232322005,2016-07-12,86,6921
01004000,Aitkin,0.33,1.46,Standard gill nets,6,0.7-4.5,0.4-0.9,BRB,13731610232322005,2016-07-12,2,1329
01004000,Aitkin,0.44,2.82,Standard trap nets,9,0.3-1.1,1.2-3.4,WAE,13731610232322005,2016-07-12,4,5117
01004000,Aitkin,0.11,0.14,Standard trap nets,9,0.2-0.6,0.2-1.0,LMB,13731610232322005,2016-07-12,1,64
01004000,Aitkin,3.44,0.24,Standard trap nets,9,4.0-28.1,0.1-0.3,BLG,13731610232322005,2016-07-12,31,3342
01004000,Aitkin,1.22,0.22,Standard trap nets,9,1.5-6.8,0.1-0.3,PMK,13731610232322005,2016-07-12,11,1079
01004000,Aitkin,1.22,4.38,Standard trap nets,9,0.3-1.2,3.3-5.5,BOF,13731610232322005,2016-07-12,11,21877
01004000,Aitkin,0.11,2.75,Standard trap nets,9,0.2-1.4,1.6-3.0,WTS,13731610232322005,2016-07-12,1,1249
01004000,Aitkin,0.78,0.35,Standard trap nets,9,0.7-4.3,0.2-0.6,BLC,13731610232322005,2016-07-12,7,1117
01003100,Anderson,1.50,0.23,Standard gill nets,2,1.5-9.5,0.2-0.7,BRB,113099,1976-07-28,3,0.7
01003100,Anderson,56.00,0.11,Standard gill nets,2,1.5-7.5,0.1-0.4,BLC,113099,1976-07-28,112,12.04
01003100,Anderson,9.00,0.20,Standard gill nets,2,1.5-48.5,0.1-0.3,BLB,113099,1976-07-28,18,3.6
01003100,Anderson,2.50,0.27,Standard trap nets,4,0.5-5.2,0.1-0.3,YEP,113099,1976-07-28,10,2.7
01003100,Anderson,2.50,0.10,Standard gill nets,2,0.5-5.1,0.1-0.1,GOS,113099,1976-07-28,5,0.5
01003100,Anderson,7.25,0.22,Standard trap nets,4,1.9-13.0,0.2-0.4,BLC,113099,1976-07-28,29,6.3
01003100,Anderson,1.50,0.13,Standard trap nets,4,1.8-26.3,0.1-0.4,BLB,113099,1976-07-28,6,0.8
01003100,Anderson,2.00,0.07,Standard trap nets,4,0.3-1.9,0.1-0.1,GOS,113099,1976-07-28,8,0.6
01003100,Anderson,20.50,0.23,Standard gill nets,2,2.5-23.3,0.1-0.2,YEP,113099,1976-07-28,41,9.5
01016900,Bachelor,0.22,1.28,Standard trap nets,9,0.5-5.9,0.4-0.9,BRB,113650,2001-07-18,2,1157
01016900,Bachelor,0.67,0.12,Standard trap nets,9,0.7-3.6,0.1-0.3,YEP,113650,2001-07-18,6,339
01016900,Bachelor,1.33,0.72,Standard gill nets,3,1.0-10.0,0.4-0.7,YEB,113650,2001-07-18,4,1305
01016900,Bachelor,7.00,2.82,Standard gill nets,3,2.7-9.3,1.6-2.9,NOP,113650,2001-07-18,21,26870
01016900,Bachelor,4.00,0.00,Survey seining,2,N/A,N/A,BCS,113650,2001-07-18,8,0
01016900,Bachelor,0.67,0.38,Standard gill nets,3,0.6-3.6,0.2-0.5,RKB,113650,2001-07-18,2,347
01016900,Bachelor,35.08,0.65,Standard electrofishing,1.08333333333333,N/A,N/A,LMB,113650,2001-07-18,38,11285
01016900,Bachelor,1.00,0.55,Standard trap nets,9,1.4-7.0,0.5-0.8,YEB,113650,2001-07-18,9,2246
01016900,Bachelor,0.33,0.68,Standard trap nets,9,N/A,N/A,NOP,113650,2001-07-18,3,932
01016900,Bachelor,0.33,0.42,Standard gill nets,3,N/A,N/A,HSF,113650,2001-07-18,1,192
01016900,Bachelor,1.50,0.00,Survey seining,2,N/A,N/A,LMB,113650,2001-07-18,3,0
01016900,Bachelor,4.00,0.00,Survey seining,2,N/A,N/A,BLG,113650,2001-07-18,8,0
01016900,Bachelor,0.44,0.33,Standard trap nets,9,0.3-1.8,0.2-0.5,RKB,113650,2001-07-18,4,590
01016900,Bachelor,2.50,0.00,Survey seining,2,N/A,N/A,PMK,113650,2001-07-18,5,0
01016900,Bachelor,0.33,0.56,Standard trap nets,9,N/A,N/A,HSF,113650,2001-07-18,3,756
01016900,Bachelor,1.33,1.16,Standard gill nets,3,0.5-1.5,0.4-1.2,LMB,113650,2001-07-18,4,2113
01016900,Bachelor,8.33,0.13,Standard gill nets,3,N/A,N/A,BLG,113650,2001-07-18,25,1476
01016900,Bachelor,1.00,0.00,Survey seining,2,N/A,N/A,YEP,113650,2001-07-18,2,0
01016900,Bachelor,2.67,0.29,Standard gill nets,3,N/A,N/A,PMK,113650,2001-07-18,8,1045
01016900,Bachelor,0.50,0.00,Survey seining,2,N/A,N/A,JND,113650,2001-07-18,1,0
01016900,Bachelor,1.00,4.46,Standard gill nets,3,0.5-1.5,2.5-4.2,BOF,113650,2001-07-18,3,6065
01016900,Bachelor,7.67,0.24,Standard gill nets,3,1.0-4.3,0.2-0.5,BLC,113650,2001-07-18,23,2542
01016900,Bachelor,2.11,0.48,Standard trap nets,9,0.4-2.0,0.2-0.9,LMB,113650,2001-07-18,19,4159
01016900,Bachelor,13.33,0.12,Standard trap nets,9,2.9-41.2,0.1-0.3,BLG,113650,2001-07-18,120,6478
01016900,Bachelor,6.00,0.18,Standard trap nets,9,1.5-7.4,0.1-0.2,PMK,113650,2001-07-18,54,4408
01016900,Bachelor,0.67,3.13,Standard trap nets,9,0.5-1.3,2.2-4.2,BOF,113650,2001-07-18,6,8524
01016900,Bachelor,1.22,0.23,Standard trap nets,9,0.7-4.3,0.2-0.5,BLC,113650,2001-07-18,11,1160
01016900,Bachelor,0.67,0.50,Standard gill nets,3,1.0-4.3,0.2-0.5,BLC,113336,1991-07-24,2,1
01016900,Bachelor,2.67,3.62,Standard gill nets,3,2.7-9.3,1.6-2.9,NOP,113336,1991-07-24,8,29
01016900,Bachelor,4.00,0.39,Standard gill nets,3,1.5-16.8,0.2-0.6,BLB,113336,1991-07-24,12,4.7
01016900,Bachelor,0.12,0.40,Standard trap nets,8,N/A,N/A,HSF,113336,1991-07-24,1,0.4
01016900,Bachelor,0.50,2.35,Standard trap nets,8,0.5-1.3,2.2-4.2,BOF,113336,1991-07-24,4,9.4
01016900,Bachelor,3.75,0.15,Standard trap nets,8,2.9-41.2,0.1-0.3,BLG,113336,1991-07-24,30,4.5
01016900,Bachelor,1.38,1.35,Standard trap nets,8,0.4-2.0,0.2-0.9,LMB,113336,1991-07-24,11,14.9
01016900,Bachelor,0.12,0.30,Standard trap nets,8,0.3-1.8,0.2-0.5,RKB,113336,1991-07-24,1,0.3
01016900,Bachelor,0.33,0.10,Standard gill nets,3,0.4-6.2,0.1-0.1,GOS,113336,1991-07-24,1,0.1
01016900,Bachelor,0.62,1.08,Standard trap nets,8,0.5-5.9,0.4-0.9,BRB,113336,1991-07-24,5,5.4
01016900,Bachelor,0.25,2.20,Standard trap nets,8,N/A,N/A,NOP,113336,1991-07-24,2,4.4
01016900,Bachelor,0.75,0.43,Standard trap nets,8,0.7-4.3,0.2-0.5,BLC,113336,1991-07-24,6,2.6
01016900,Bachelor,1.00,0.77,Standard gill nets,3,1.0-10.0,0.4-0.7,YEB,113336,1991-07-24,3,2.3
01016900,Bachelor,2.38,0.23,Standard trap nets,8,1.5-7.4,0.1-0.2,PMK,113336,1991-07-24,19,4.4
01016900,Bachelor,1.00,3.30,Standard gill nets,3,0.5-1.5,2.5-4.2,BOF,113336,1991-07-24,3,9.9
01016900,Bachelor,6.00,0.21,Standard gill nets,3,N/A,N/A,BLG,113336,1991-07-24,18,3.7
01016900,Bachelor,3.38,0.54,Standard trap nets,8,1.4-7.0,0.5-0.8,YEB,113336,1991-07-24,27,14.6
01016900,Bachelor,5.00,0.75,Standard gill nets,1,0.5-7.1,0.2-0.8,BRB,113175,1979-07-30,5,3.75
01016900,Bachelor,3.00,0.25,Standard gill nets,1,1.0-4.3,0.2-0.5,BLC,113175,1979-07-30,3,0.75
01016900,Bachelor,12.00,2.56,Standard gill nets,1,2.7-9.3,1.6-2.9,NOP,113175,1979-07-30,12,30.75
01016900,Bachelor,3.00,0.67,Standard gill nets,1,1.5-16.8,0.2-0.6,BLB,113175,1979-07-30,3,2
01016900,Bachelor,1.50,2.33,Standard trap nets,2,0.5-1.3,2.2-4.2,BOF,113175,1979-07-30,3,7
01016900,Bachelor,18.50,0.07,Standard trap nets,2,2.9-41.2,0.1-0.3,BLG,113175,1979-07-30,37,2.75
01016900,Bachelor,0.50,0.30,Standard trap nets,2,0.3-1.8,0.2-0.5,RKB,113175,1979-07-30,1,0.3
01016900,Bachelor,1.00,1.12,Standard trap nets,2,N/A,N/A,NOP,113175,1979-07-30,2,2.25
01016900,Bachelor,1.50,0.27,Standard trap nets,2,0.7-4.3,0.2-0.5,BLC,113175,1979-07-30,3,0.8
01016900,Bachelor,2.00,0.75,Standard gill nets,1,1.0-10.0,0.4-0.7,YEB,113175,1979-07-30,2,1.5
01016900,Bachelor,7.50,0.16,Standard trap nets,2,1.5-7.4,0.1-0.2,PMK,113175,1979-07-30,15,2.4
01016900,Bachelor,5.00,0.10,Standard gill nets,1,N/A,N/A,BLG,113175,1979-07-30,5,0.5
01016900,Bachelor,12.00,0.10,Standard gill nets,1,1.9-19.1,0.1-0.2,YEP,113175,1979-07-30,12,1.25
01016900,Bachelor,5.50,0.52,Standard trap nets,2,1.4-7.0,0.5-0.8,YEB,113175,1979-07-30,11,5.75
01004600,Ball Bluff,4.27,0.00,Backpack electrofishing,0.936388888888889,N/A,N/A,LMB,12171620345117002,2016-08-10,4,0
01004600,Ball Bluff,1.07,0.00,Backpack electrofishing,0.936388888888889,N/A,N/A,PMK,12171620345117002,2016-08-10,1,0
01004600,Ball Bluff,90.77,0.00,Backpack electrofishing,0.936388888888889,N/A,N/A,BLG,12171620345117002,2016-08-10,85,0
01004600,Ball Bluff,1.00,0.00,50-ft beach seine,1,N/A,N/A,BKS,12171620345117002,2016-08-10,1,0
01004600,Ball Bluff,5.34,0.00,Backpack electrofishing,0.936388888888889,N/A,N/A,CNM,12171620345117002,2016-08-10,5,0
01004600,Ball Bluff,3.20,0.00,Backpack electrofishing,0.936388888888889,N/A,N/A,LED,12171620345117002,2016-08-10,3,0
01004600,Ball Bluff,0.57,0.00,15-ft beach seine,7,N/A,N/A,LMB,12171620345117002,2016-08-10,4,0
01004600,Ball Bluff,10.00,0.00,50-ft beach seine,1,N/A,N/A,BNM,12171620345117002,2016-08-10,10,0
01004600,Ball Bluff,0.29,0.00,15-ft beach seine,7,N/A,N/A,PMK,12171620345117002,2016-08-10,2,0
01004600,Ball Bluff,6.57,0.00,15-ft beach seine,7,N/A,N/A,BLG,12171620345117002,2016-08-10,46,0
01004600,Ball Bluff,2.00,0.00,50-ft beach seine,1,N/A,N/A,RKB,12171620345117002,2016-08-10,2,0
01004600,Ball Bluff,1.00,0.00,50-ft beach seine,1,N/A,N/A,HSF,12171620345117002,2016-08-10,1,0
01004600,Ball Bluff,8.54,0.00,Backpack electrofishing,0.936388888888889,N/A,N/A,BNS,12171620345117002,2016-08-10,8,0
01004600,Ball Bluff,0.71,0.00,15-ft beach seine,7,N/A,N/A,LED,12171620345117002,2016-08-10,5,0
01004600,Ball Bluff,21.36,0.00,Backpack electrofishing,0.936388888888889,N/A,N/A,BNM,12171620345117002,2016-08-10,20,0
01004600,Ball Bluff,3.20,0.00,Backpack electrofishing,0.936388888888889,N/A,N/A,RKB,12171620345117002,2016-08-10,3,0
01004600,Ball Bluff,1.00,0.00,50-ft beach seine,1,N/A,N/A,IOD,12171620345117002,2016-08-10,1,0
01004600,Ball Bluff,3.00,0.00,50-ft beach seine,1,N/A,N/A,LMB,12171620345117002,2016-08-10,3,0
01004600,Ball Bluff,4.27,0.00,Backpack electrofishing,0.936388888888889,N/A,N/A,BCS,12171620345117002,2016-08-10,4,0
01004600,Ball Bluff,3.57,0.00,15-ft beach seine,7,N/A,N/A,BKS,12171620345117002,2016-08-10,25,0
01004600,Ball Bluff,29.00,0.00,50-ft beach seine,1,N/A,N/A,BLG,12171620345117002,2016-08-10,29,0
01004600,Ball Bluff,0.43,0.00,15-ft beach seine,7,N/A,N/A,BNS,12171620345117002,2016-08-10,3,0
01004600,Ball Bluff,1.57,0.00,15-ft beach seine,7,N/A,N/A,BNM,12171620345117002,2016-08-10,11,0
01004600,Ball Bluff,1.00,0.00,50-ft beach seine,1,N/A,N/A,YEP,12171620345117002,2016-08-10,1,0
01004600,Ball Bluff,1.00,0.00,50-ft beach seine,1,N/A,N/A,JND,12171620345117002,2016-08-10,1,0
01004600,Ball Bluff,2.00,0.00,50-ft beach seine,1,N/A,N/A,LED,12171620345117002,2016-08-10,2,0
01004600,Ball Bluff,5.34,0.00,Backpack electrofishing,0.936388888888889,N/A,N/A,IOD,12171620345117002,2016-08-10,5,0
01004600,Ball Bluff,0.62,0.86,Standard trap nets,8,0.3-1.0,0.7-1.0,BRB,113281,1988-07-13,5,4.3
01004600,Ball Bluff,0.75,0.15,Standard trap nets,8,0.4-2.3,0.1-0.2,YEP,113281,1988-07-13,6,0.9
01004600,Ball Bluff,1.20,0.55,Standard gill nets,5,1.0-6.0,0.4-0.7,YEB,113281,1988-07-13,6,3.3
01004600,Ball Bluff,8.80,1.32,Standard gill nets,5,2.2-8.7,1.5-3.2,NOP,113281,1988-07-13,44,58.2
01004600,Ball Bluff,4.00,0.55,Standard trap nets,8,1.0-5.3,0.5-0.9,YEB,113281,1988-07-13,32,17.6
01004600,Ball Bluff,0.38,0.93,Standard trap nets,8,N/A,N/A,NOP,113281,1988-07-13,3,2.8
01004600,Ball Bluff,0.50,0.25,Standard trap nets,8,0.8-3.7,0.2-0.4,RKB,113281,1988-07-13,4,1
01004600,Ball Bluff,0.80,3.00,Standard gill nets,5,1.0-5.0,1.2-3.0,WAE,113281,1988-07-13,4,12
01004600,Ball Bluff,0.20,1.00,Standard gill nets,5,0.5-1.7,0.5-1.2,LMB,113281,1988-07-13,1,1
01004600,Ball Bluff,0.20,0.50,Standard gill nets,5,N/A,N/A,BLG,113281,1988-07-13,1,0.5
01004600,Ball Bluff,0.40,4.10,Standard gill nets,5,0.2-0.3,3.0-5.3,BOF,113281,1988-07-13,2,8.2
01004600,Ball Bluff,1.60,0.55,Standard gill nets,5,1.3-10.4,0.3-1.0,TLC,113281,1988-07-13,8,4.4
01004600,Ball Bluff,0.80,1.50,Standard gill nets,5,0.5-2.0,1.6-2.6,WTS,113281,1988-07-13,4,6
01004600,Ball Bluff,1.20,0.12,Standard gill nets,5,1.5-13.8,0.1-0.2,YEP,113281,1988-07-13,6,0.7
01004600,Ball Bluff,0.20,0.20,Standard gill nets,5,0.3-1.8,0.5-1.1,BRB,113281,1988-07-13,1,0.2
01004600,Ball Bluff,0.25,3.20,Standard trap nets,8,0.2-0.7,0.7-2.8,WAE,113281,1988-07-13,2,6.4
01004600,Ball Bluff,0.50,0.38,Standard trap nets,8,0.4-1.5,0.2-0.7,LMB,113281,1988-07-13,4,1.5
01004600,Ball Bluff,1.38,0.16,Standard trap nets,8,1.4-5.9,0.1-0.2,PMK,113281,1988-07-13,11,1.8
01004600,Ball Bluff,12.88,0.12,Standard trap nets,8,7.7-43.4,0.1-0.2,BLG,113281,1988-07-13,103,12.7
01004600,Ball Bluff,0.50,3.67,Standard trap nets,8,0.3-1.0,2.6-4.9,BOF,113281,1988-07-13,4,14.7
01004600,Ball Bluff,0.50,0.35,Standard trap nets,8,0.5-2.2,0.3-0.5,BLC,113281,1988-07-13,4,1.4
01004600,Ball Bluff,3.04,0.00,Backpack electrofishing,0.329444444444444,N/A,N/A,LMB,4291115738180000,2011-06-20,1,0
01004600,Ball Bluff,60.71,0.00,Backpack electrofishing,0.329444444444444,N/A,N/A,BLG,4291115738180000,2011-06-20,20,0
01004600,Ball Bluff,0.44,0.09,Standard trap nets,9,0.4-2.3,0.1-0.2,YEP,4291115738180000,2011-06-20,4,155
01004600,Ball Bluff,1.50,0.70,Standard gill nets,6,1.0-6.0,0.4-0.7,YEB,4291115738180000,2011-06-20,9,2856
01004600,Ball Bluff,4.50,2.49,Standard gill nets,6,2.2-8.7,1.5-3.2,NOP,4291115738180000,2011-06-20,27,30443
01004600,Ball Bluff,2.24,3.30,Standard electrofishing,0.894166666666667,N/A,N/A,WAE,4291115738180000,2011-06-20,2,2991
01004600,Ball Bluff,0.33,0.31,Standard gill nets,6,0.7-4.4,0.2-0.4,RKB,4291115738180000,2011-06-20,2,277
01004600,Ball Bluff,19.01,0.96,Standard electrofishing,0.894166666666667,N/A,N/A,LMB,4291115738180000,2011-06-20,17,7388
01004600,Ball Bluff,1.33,0.60,Standard trap nets,9,1.0-5.3,0.5-0.9,YEB,4291115738180000,2011-06-20,12,3249
01004600,Ball Bluff,0.11,1.14,Standard trap nets,9,N/A,N/A,NOP,4291115738180000,2011-06-20,1,518
01004600,Ball Bluff,30.35,0.00,Backpack electrofishing,0.329444444444444,N/A,N/A,BKS,4291115738180000,2011-06-20,10,0
01004600,Ball Bluff,12.14,0.00,Backpack electrofishing,0.329444444444444,N/A,N/A,BNS,4291115738180000,2011-06-20,4,0
01004600,Ball Bluff,1.67,0.31,Standard trap nets,9,0.8-3.7,0.2-0.4,RKB,4291115738180000,2011-06-20,15,2104
01004600,Ball Bluff,9.11,0.00,Backpack electrofishing,0.329444444444444,N/A,N/A,BNM,4291115738180000,2011-06-20,3,0
01004600,Ball Bluff,0.83,4.70,Standard gill nets,6,1.0-5.0,1.2-3.0,WAE,4291115738180000,2011-06-20,5,10655
01004600,Ball Bluff,2.89,0.21,Standard trap nets,9,N/A,N/A,HSF,4291115738180000,2011-06-20,26,2507
01004600,Ball Bluff,0.50,1.60,Standard gill nets,6,0.5-1.7,0.5-1.2,LMB,4291115738180000,2011-06-20,3,2178
01004600,Ball Bluff,0.50,0.05,Standard gill nets,6,N/A,N/A,BLG,4291115738180000,2011-06-20,3,67
01004600,Ball Bluff,0.50,0.12,Standard gill nets,6,N/A,N/A,PMK,4291115738180000,2011-06-20,3,169
01004600,Ball Bluff,3.04,0.00,Backpack electrofishing,0.329444444444444,N/A,N/A,BCS,4291115738180000,2011-06-20,1,0
01004600,Ball Bluff,1.83,2.52,Standard gill nets,6,1.3-10.4,0.3-1.0,TLC,4291115738180000,2011-06-20,11,12563
01004600,Ball Bluff,0.17,0.09,Standard gill nets,6,1.5-13.8,0.1-0.2,YEP,4291115738180000,2011-06-20,1,40
01004600,Ball Bluff,0.33,3.74,Standard trap nets,9,0.2-0.7,0.7-2.8,WAE,4291115738180000,2011-06-20,3,5084
01004600,Ball Bluff,0.56,0.29,Standard trap nets,9,0.4-1.5,0.2-0.7,LMB,4291115738180000,2011-06-20,5,662
01004600,Ball Bluff,25.00,0.13,Standard trap nets,9,7.7-43.4,0.1-0.2,BLG,4291115738180000,2011-06-20,225,12786
01004600,Ball Bluff,2.67,0.20,Standard trap nets,9,1.4-5.9,0.1-0.2,PMK,4291115738180000,2011-06-20,24,2151
01004600,Ball Bluff,0.89,4.38,Standard trap nets,9,0.3-1.0,2.6-4.9,BOF,4291115738180000,2011-06-20,8,15898
01004600,Ball Bluff,0.11,18.23,Standard trap nets,9,0.2,9.1,BIB,4291115738180000,2011-06-20,1,8269
01004600,Ball Bluff,0.33,0.87,Standard trap nets,9,0.2-0.7,1.0-2.8,WTS,4291115738180000,2011-06-20,3,1179
01004600,Ball Bluff,0.44,0.34,Standard trap nets,9,0.5-2.2,0.3-0.5,BLC,4291115738180000,2011-06-20,4,619
01004600,Ball Bluff,3.46,0.00,Backpack electrofishing,1.44444444444444,N/A,N/A,LMB,16682117242190000,2021-06-21,5,0
01004600,Ball Bluff,0.20,0.00,15-ft beach seine,5,N/A,N/A,FHM,16682117242190000,2021-06-21,1,0
01004600,Ball Bluff,22.85,0.00,Backpack electrofishing,1.44444444444444,N/A,N/A,BLG,16682117242190000,2021-06-21,33,0
01004600,Ball Bluff,10.38,0.00,Backpack electrofishing,1.44444444444444,N/A,N/A,CNM,16682117242190000,2021-06-21,15,0
01004600,Ball Bluff,0.69,0.00,Backpack electrofishing,1.44444444444444,N/A,N/A,YEP,16682117242190000,2021-06-21,1,0
01004600,Ball Bluff,2.77,0.00,Backpack electrofishing,1.44444444444444,N/A,N/A,JND,16682117242190000,2021-06-21,4,0
01004600,Ball Bluff,5.54,0.00,Backpack electrofishing,1.44444444444444,N/A,N/A,LED,16682117242190000,2021-06-21,8,0
01004600,Ball Bluff,0.20,0.00,15-ft beach seine,5,N/A,N/A,IOD,16682117242190000,2021-06-21,1,0
01004600,Ball Bluff,10.40,0.00,15-ft beach seine,5,N/A,N/A,BLG,16682117242190000,2021-06-21,52,0
01004600,Ball Bluff,1.20,0.00,15-ft beach seine,5,N/A,N/A,PMK,16682117242190000,2021-06-21,6,0
01004600,Ball Bluff,0.69,0.00,Backpack electrofishing,1.44444444444444,N/A,N/A,BNS,16682117242190000,2021-06-21,1,0
01004600,Ball Bluff,2.60,0.00,15-ft beach seine,5,N/A,N/A,LED,16682117242190000,2021-06-21,13,0
01004600,Ball Bluff,6.23,0.00,Backpack electrofishing,1.44444444444444,N/A,N/A,BNM,16682117242190000,2021-06-21,9,0
01004600,Ball Bluff,1.38,0.00,Backpack electrofishing,1.44444444444444,N/A,N/A,RKB,16682117242190000,2021-06-21,2,0
01004600,Ball Bluff,2.77,0.00,Backpack electrofishing,1.44444444444444,N/A,N/A,BCS,16682117242190000,2021-06-21,4,0
01004600,Ball Bluff,0.40,0.00,15-ft beach seine,5,N/A,N/A,BKS,16682117242190000,2021-06-21,2,0
01004600,Ball Bluff,0.40,0.00,15-ft beach seine,5,N/A,N/A,BNS,16682117242190000,2021-06-21,2,0
01004600,Ball Bluff,8.00,0.00,15-ft beach seine,5,N/A,N/A,BNM,16682117242190000,2021-06-21,40,0
01004600,Ball Bluff,0.20,0.00,15-ft beach seine,5,N/A,N/A,RKB,16682117242190000,2021-06-21,1,0
01004600,Ball Bluff,9.69,0.00,Backpack electrofishing,1.44444444444444,N/A,N/A,IOD,16682117242190000,2021-06-21,14,0
01004600,Ball Bluff,0.22,0.93,Standard trap nets,9,0.3-1.0,0.7-1.0,BRB,113646,2001-06-25,2,842
01004600,Ball Bluff,0.44,0.17,Standard trap nets,9,0.4-2.3,0.1-0.2,YEP,113646,2001-06-25,4,305
01004600,Ball Bluff,0.33,0.49,Standard gill nets,6,1.0-6.0,0.4-0.7,YEB,113646,2001-06-25,2,447
01004600,Ball Bluff,10.00,1.57,Standard gill nets,6,2.2-8.7,1.5-3.2,NOP,113646,2001-06-25,60,42665
01004600,Ball Bluff,9.38,0.76,Standard electrofishing,1.06666666666667,N/A,N/A,LMB,113646,2001-06-25,10,3450
01004600,Ball Bluff,3.22,0.57,Standard trap nets,9,1.0-5.3,0.5-0.9,YEB,113646,2001-06-25,29,7445
01004600,Ball Bluff,0.67,0.93,Standard trap nets,9,N/A,N/A,NOP,113646,2001-06-25,6,2533
01004600,Ball Bluff,0.44,0.19,Standard trap nets,9,0.8-3.7,0.2-0.4,RKB,113646,2001-06-25,4,344
01004600,Ball Bluff,0.67,2.85,Standard gill nets,6,1.0-5.0,1.2-3.0,WAE,113646,2001-06-25,4,5163
01004600,Ball Bluff,0.22,0.49,Standard trap nets,9,N/A,N/A,HSF,113646,2001-06-25,2,449
01004600,Ball Bluff,0.33,0.07,Standard gill nets,6,N/A,N/A,BLG,113646,2001-06-25,2,63
01004600,Ball Bluff,0.83,0.04,Standard gill nets,6,N/A,N/A,PMK,113646,2001-06-25,5,97
01004600,Ball Bluff,0.17,3.95,Standard gill nets,6,0.2-0.3,3.0-5.3,BOF,113646,2001-06-25,1,1790
01004600,Ball Bluff,0.33,1.03,Standard gill nets,6,1.3-10.4,0.3-1.0,TLC,113646,2001-06-25,2,935
01004600,Ball Bluff,0.17,2.65,Standard gill nets,6,0.5-2.0,1.6-2.6,WTS,113646,2001-06-25,1,1200
01004600,Ball Bluff,3.00,0.09,Standard gill nets,6,1.5-13.8,0.1-0.2,YEP,113646,2001-06-25,18,754
01004600,Ball Bluff,0.78,1.30,Standard trap nets,9,0.4-1.5,0.2-0.7,LMB,113646,2001-06-25,7,4121
01004600,Ball Bluff,16.56,0.15,Standard trap nets,9,7.7-43.4,0.1-0.2,BLG,113646,2001-06-25,149,10277
01004600,Ball Bluff,3.11,0.19,Standard trap nets,9,1.4-5.9,0.1-0.2,PMK,113646,2001-06-25,28,2416
01004600,Ball Bluff,1.44,3.31,Standard trap nets,9,0.3-1.0,2.6-4.9,BOF,113646,2001-06-25,13,19491
01004600,Ball Bluff,0.11,1.53,Standard trap nets,9,0.2-0.7,1.0-2.8,WTS,113646,2001-06-25,1,696
01004600,Ball Bluff,1.67,0.55,Standard trap nets,9,0.5-2.2,0.3-0.5,BLC,113646,2001-06-25,15,3722
01004600,Ball Bluff,18.00,0.42,Standard gill nets,2,1.3-10.4,0.3-1.0,TLC,113107,1977-08-08,36,15
01004600,Ball Bluff,1.00,0.55,Standard gill nets,2,0.3-1.7,0.2-0.5,BLC,113107,1977-08-08,2,1.1
01004600,Ball Bluff,11.50,1.28,Standard gill nets,2,2.2-8.7,1.5-3.2,NOP,113107,1977-08-08,23,29.5
01004600,Ball Bluff,0.50,1.00,Standard gill nets,2,0.5-2.0,1.6-2.6,WTS,113107,1977-08-08,1,1
01004600,Ball Bluff,0.60,2.57,Standard trap nets,5,0.3-1.0,2.6-4.9,BOF,113107,1977-08-08,3,7.7
01004600,Ball Bluff,5.60,0.13,Standard trap nets,5,7.7-43.4,0.1-0.2,BLG,113107,1977-08-08,28,3.7
01004600,Ball Bluff,0.40,0.50,Standard trap nets,5,0.4-1.5,0.2-0.7,LMB,113107,1977-08-08,2,1
01004600,Ball Bluff,0.40,0.40,Standard trap nets,5,0.8-3.7,0.2-0.4,RKB,113107,1977-08-08,2,0.8
01004600,Ball Bluff,0.50,0.05,Standard gill nets,2,N/A,N/A,PMK,113107,1977-08-08,1,0.05
01004600,Ball Bluff,0.60,0.57,Standard trap nets,5,N/A,N/A,NOP,113107,1977-08-08,3,1.7
01004600,Ball Bluff,0.60,0.40,Standard trap nets,5,0.5-2.2,0.3-0.5,BLC,113107,1977-08-08,3,1.2
01004600,Ball Bluff,5.00,0.35,Standard gill nets,2,1.0-6.0,0.4-0.7,YEB,113107,1977-08-08,10,3.5
01004600,Ball Bluff,1.40,0.16,Standard trap nets,5,1.4-5.9,0.1-0.2,PMK,113107,1977-08-08,7,1.1
01004600,Ball Bluff,1.50,0.03,Standard gill nets,2,N/A,N/A,BLG,113107,1977-08-08,3,0.1
01004600,Ball Bluff,0.50,3.10,Standard gill nets,2,0.5-1.7,0.5-1.2,LMB,113107,1977-08-08,1,3.1
01004600,Ball Bluff,3.00,0.65,Standard trap nets,5,1.0-5.3,0.5-0.9,YEB,113107,1977-08-08,15,9.7
01004600,Ball Bluff,0.50,1.11,Standard gill nets,6,1.3-10.4,0.3-1.0,TLC,113571,1997-06-23,3,1511
01004600,Ball Bluff,10.17,1.78,Standard gill nets,6,2.2-8.7,1.5-3.2,NOP,113571,1997-06-23,61,49127
01004600,Ball Bluff,0.50,2.54,Standard gill nets,6,0.5-2.0,1.6-2.6,WTS,113571,1997-06-23,3,3460
01004600,Ball Bluff,0.17,3.77,Standard gill nets,6,1.0-5.0,1.2-3.0,WAE,113571,1997-06-23,1,1710
01004600,Ball Bluff,0.17,0.05,Standard gill nets,6,N/A,N/A,PMK,113571,1997-06-23,1,24
01004600,Ball Bluff,0.17,0.06,Standard gill nets,6,N/A,N/A,BLG,113571,1997-06-23,1,26
01004600,Ball Bluff,0.17,3.73,Standard gill nets,6,0.2-0.3,3.0-5.3,BOF,113571,1997-06-23,1,1690
01004600,Ball Bluff,0.17,1.11,Standard gill nets,6,0.5-1.7,0.5-1.2,LMB,113571,1997-06-23,1,502
01004600,Ball Bluff,0.33,0.10,Standard gill nets,6,1.5-13.8,0.1-0.2,YEP,113571,1997-06-23,2,94
01004600,Ball Bluff,0.25,0.17,Standard trap nets,8,0.4-2.3,0.1-0.2,YEP,17272117230807000,2021-06-21,2,155
01004600,Ball Bluff,0.50,0.89,Standard gill nets,6,1.0-6.0,0.4-0.7,YEB,17272117230807000,2021-06-21,3,1210
01004600,Ball Bluff,4.00,3.66,Standard gill nets,6,2.2-8.7,1.5-3.2,NOP,17272117230807000,2021-06-21,24,39876
01004600,Ball Bluff,0.83,0.32,Standard gill nets,6,0.7-4.4,0.2-0.4,RKB,17272117230807000,2021-06-21,5,715
01004600,Ball Bluff,0.12,0.88,Standard trap nets,8,1.0-5.3,0.5-0.9,YEB,17272117230807000,2021-06-21,1,400
01004600,Ball Bluff,0.12,1.89,Standard trap nets,8,N/A,N/A,NOP,17272117230807000,2021-06-21,1,857
01004600,Ball Bluff,0.62,0.35,Standard trap nets,8,0.8-3.7,0.2-0.4,RKB,17272117230807000,2021-06-21,5,803
01004600,Ball Bluff,0.17,5.66,Standard gill nets,6,1.0-5.0,1.2-3.0,WAE,17272117230807000,2021-06-21,1,2566
01004600,Ball Bluff,0.50,0.24,Standard trap nets,8,N/A,N/A,HSF,17272117230807000,2021-06-21,4,430
01004600,Ball Bluff,2.00,1.14,Standard gill nets,6,0.5-1.7,0.5-1.2,LMB,17272117230807000,2021-06-21,12,6193
01004600,Ball Bluff,4.00,0.06,Standard gill nets,6,N/A,N/A,BLG,17272117230807000,2021-06-21,24,620
01004600,Ball Bluff,2.00,0.13,Standard gill nets,6,N/A,N/A,PMK,17272117230807000,2021-06-21,12,721
01004600,Ball Bluff,0.33,3.44,Standard gill nets,6,0.2-0.3,3.0-5.3,BOF,17272117230807000,2021-06-21,2,3123
01004600,Ball Bluff,3.83,0.58,Standard gill nets,6,1.3-10.4,0.3-1.0,TLC,17272117230807000,2021-06-21,23,6100
01004600,Ball Bluff,0.50,1.61,Standard gill nets,6,0.5-2.0,1.6-2.6,WTS,17272117230807000,2021-06-21,3,2189
01004600,Ball Bluff,1.17,0.19,Standard gill nets,6,0.3-1.7,0.2-0.5,BLC,17272117230807000,2021-06-21,7,614
01004600,Ball Bluff,0.17,0.12,Standard gill nets,6,1.5-13.8,0.1-0.2,YEP,17272117230807000,2021-06-21,1,53
01004600,Ball Bluff,0.33,1.05,Standard gill nets,6,0.3-1.8,0.5-1.1,BRB,17272117230807000,2021-06-21,2,952
01004600,Ball Bluff,0.38,0.28,Standard trap nets,8,0.4-1.5,0.2-0.7,LMB,17272117230807000,2021-06-21,3,385
01004600,Ball Bluff,3.00,0.21,Standard trap nets,8,1.4-5.9,0.1-0.2,PMK,17272117230807000,2021-06-21,24,2261
01004600,Ball Bluff,15.38,0.11,Standard trap nets,8,7.7-43.4,0.1-0.2,BLG,17272117230807000,2021-06-21,123,6322
01004600,Ball Bluff,0.62,3.80,Standard trap nets,8,0.3-1.0,2.6-4.9,BOF,17272117230807000,2021-06-21,5,8615
01004600,Ball Bluff,0.25,0.35,Standard trap nets,8,0.5-2.2,0.3-0.5,BLC,17272117230807000,2021-06-21,2,321
01004600,Ball Bluff,0.11,0.64,Standard trap nets,9,0.3-1.0,0.7-1.0,BRB,113361,1993-07-06,1,292
01004600,Ball Bluff,1.22,0.11,Standard trap nets,9,0.4-2.3,0.1-0.2,YEP,113361,1993-07-06,11,547
01004600,Ball Bluff,14.33,0.00,Survey seining,3,N/A,N/A,BNM,113361,1993-07-06,43,0
01004600,Ball Bluff,0.17,0.49,Standard gill nets,6,1.0-6.0,0.4-0.7,YEB,113361,1993-07-06,1,221
01004600,Ball Bluff,0.33,0.00,Survey seining,3,N/A,N/A,RKB,113361,1993-07-06,1,0
01004600,Ball Bluff,6.00,1.59,Standard gill nets,6,2.2-8.7,1.5-3.2,NOP,113361,1993-07-06,36,25978
01004600,Ball Bluff,0.11,0.90,Standard trap nets,9,1.0-5.3,0.5-0.9,YEB,113361,1993-07-06,1,406
01004600,Ball Bluff,0.33,1.25,Standard trap nets,9,N/A,N/A,NOP,113361,1993-07-06,3,1707
01004600,Ball Bluff,0.67,0.00,Survey seining,3,N/A,N/A,IOD,113361,1993-07-06,2,0
01004600,Ball Bluff,7.67,0.00,Survey seining,3,N/A,N/A,LMB,113361,1993-07-06,23,0
01004600,Ball Bluff,15.67,0.00,Survey seining,3,N/A,N/A,BLG,113361,1993-07-06,47,0
01004600,Ball Bluff,0.56,0.37,Standard trap nets,9,0.8-3.7,0.2-0.4,RKB,113361,1993-07-06,5,846
01004600,Ball Bluff,3.67,0.00,Survey seining,3,N/A,N/A,PMK,113361,1993-07-06,11,0
01004600,Ball Bluff,1.67,3.31,Standard gill nets,6,1.0-5.0,1.2-3.0,WAE,113361,1993-07-06,10,15009
01004600,Ball Bluff,2.67,0.00,Survey seining,3,N/A,N/A,CNM,113361,1993-07-06,8,0
01004600,Ball Bluff,1.17,0.04,Standard gill nets,6,N/A,N/A,BLG,113361,1993-07-06,7,128
01004600,Ball Bluff,2.67,0.00,Survey seining,3,N/A,N/A,YEP,113361,1993-07-06,8,0
01004600,Ball Bluff,0.50,0.09,Standard gill nets,6,N/A,N/A,PMK,113361,1993-07-06,3,116
01004600,Ball Bluff,2.33,0.00,Survey seining,3,N/A,N/A,JND,113361,1993-07-06,7,0
01004600,Ball Bluff,0.67,1.36,Standard gill nets,6,1.3-10.4,0.3-1.0,TLC,113361,1993-07-06,4,2471
01004600,Ball Bluff,0.50,1.48,Standard gill nets,6,0.5-2.0,1.6-2.6,WTS,113361,1993-07-06,3,2019
01004600,Ball Bluff,5.00,0.09,Standard gill nets,6,1.5-13.8,0.1-0.2,YEP,113361,1993-07-06,30,1233
01004600,Ball Bluff,0.17,0.36,Standard gill nets,6,0.3-1.8,0.5-1.1,BRB,113361,1993-07-06,1,163
01004600,Ball Bluff,0.22,1.85,Standard trap nets,9,0.2-0.7,0.7-2.8,WAE,113361,1993-07-06,2,1675
01004600,Ball Bluff,1.89,0.45,Standard trap nets,9,0.4-1.5,0.2-0.7,LMB,113361,1993-07-06,17,3442
01004600,Ball Bluff,32.00,0.15,Standard trap nets,9,7.7-43.4,0.1-0.2,BLG,113361,1993-07-06,288,19543
01004600,Ball Bluff,5.44,0.12,Standard trap nets,9,1.4-5.9,0.1-0.2,PMK,113361,1993-07-06,49,2594
01004600,Ball Bluff,9.33,0.00,Survey seining,3,N/A,N/A,BNS,113361,1993-07-06,28,0
01004600,Ball Bluff,1.11,5.57,Standard trap nets,9,0.3-1.0,2.6-4.9,BOF,113361,1993-07-06,10,25280
01004600,Ball Bluff,0.33,0.00,Survey seining,3,N/A,N/A,BSD,113361,1993-07-06,1,0
01004600,Ball Bluff,0.11,13.25,Standard trap nets,9,0.2,9.1,BIB,113361,1993-07-06,1,6010
01004600,Ball Bluff,0.33,0.32,Standard trap nets,9,0.5-2.2,0.3-0.5,BLC,113361,1993-07-06,3,440
01006300,Bass,8.33,1.54,Standard gill nets,3,2.0-8.0,1.7-3.2,NOP,113315,1990-08-06,25,38.5
01006300,Bass,1.00,0.30,Standard gill nets,3,0.5-4.5,0.2-0.4,BLC,113315,1990-08-06,3,0.9
01006300,Bass,2.25,0.29,Standard trap nets,8,N/A,N/A,HSF,113315,1990-08-06,18,5.3
01006300,Bass,6.88,0.13,Standard trap nets,8,7.9-37.7,0.1-0.2,BLG,113315,1990-08-06,55,7.1
01006300,Bass,0.67,0.20,Standard gill nets,3,N/A,N/A,PMK,113315,1990-08-06,2,0.4
01006300,Bass,1.50,1.82,Standard trap nets,8,N/A,N/A,NOP,113315,1990-08-06,12,21.8
01006300,Bass,0.75,0.28,Standard trap nets,8,1.0-6.1,0.2-0.5,BLC,113315,1990-08-06,6,1.7
01006300,Bass,0.12,4.90,Standard trap nets,8,0.3-1.0,1.1-2.6,WTS,113315,1990-08-06,1,4.9
01006300,Bass,12.00,0.27,Standard gill nets,3,0.6-5.5,0.2-0.6,YEB,113315,1990-08-06,36,9.6
01006300,Bass,1.25,0.19,Standard trap nets,8,1.1-4.7,0.1-0.2,PMK,113315,1990-08-06,10,1.9
01006300,Bass,4.33,0.14,Standard gill nets,3,N/A,N/A,BLG,113315,1990-08-06,13,1.8
01006300,Bass,0.67,0.90,Standard gill nets,3,0.5-1.7,0.5-1.0,LMB,113315,1990-08-06,2,1.8
01006300,Bass,17.88,0.39,Standard trap nets,8,2.0-8.1,0.4-0.7,YEB,113315,1990-08-06,143,56.3
01006300,Bass,2.00,0.80,Standard gill nets,2,0.3-1.5,0.5-1.4,BRB,113235,1984-08-13,4,3.2
01006300,Bass,13.00,1.87,Standard gill nets,2,2.0-8.0,1.7-3.2,NOP,113235,1984-08-13,26,48.5
01006300,Bass,1.50,0.33,Standard gill nets,2,0.5-4.5,0.2-0.4,BLC,113235,1984-08-13,3,1
01006300,Bass,17.17,0.11,Standard trap nets,6,7.9-37.7,0.1-0.2,BLG,113235,1984-08-13,103,11.5
01006300,Bass,0.50,0.42,Standard trap nets,6,0.5-2.0,0.3-0.9,LMB,113235,1984-08-13,3,1.25
01006300,Bass,0.50,0.10,Standard gill nets,2,N/A,N/A,PMK,113235,1984-08-13,1,0.1
01006300,Bass,0.17,1.75,Standard trap nets,6,0.3-2.7,0.5-1.1,BRB,113235,1984-08-13,1,1.75
01006300,Bass,1.50,1.33,Standard trap nets,6,N/A,N/A,NOP,113235,1984-08-13,9,12
01006300,Bass,0.50,1.25,Standard trap nets,6,1.0-6.1,0.2-0.5,BLC,113235,1984-08-13,3,3.75
01006300,Bass,52.50,0.18,Standard gill nets,2,0.6-5.5,0.2-0.6,YEB,113235,1984-08-13,105,18.75
01006300,Bass,4.00,0.24,Standard trap nets,6,1.1-4.7,0.1-0.2,PMK,113235,1984-08-13,24,5.85
01006300,Bass,10.00,0.05,Standard gill nets,2,N/A,N/A,BLG,113235,1984-08-13,20,1
01006300,Bass,0.50,1.00,Standard gill nets,2,0.5-1.7,0.5-1.0,LMB,113235,1984-08-13,1,1
01006300,Bass,14.17,0.31,Standard trap nets,6,2.0-8.1,0.4-0.7,YEB,113235,1984-08-13,85,26
lake_ID,lake_name,CPUE,averageWeight,gear,gearCount,quartileCount,quartileWeight,species,survey_ID,survey_date,totalCatch,totalWeight
01004000,Aitkin,5.12,0.66,Standard trap nets,8,0.5-11.3,0.3-0.8,BLB,113266,1988-07-11,41,27.2
01004000,Aitkin,0.88,0.94,Standard trap nets,8,0.5-4.3,0.5-0.9,BRB,113266,1988-07-11,7,6.6
01004000,Aitkin,5.00,0.27,Standard trap nets,8,0.5-3.3,0.1-0.2,YEP,113266,1988-07-11,40,10.7
01004000,Aitkin,0.67,0.75,Standard gill nets,3,0.6-7.0,0.3-0.7,YEB,113266,1988-07-11,2,1.5
01004000,Aitkin,3.33,1.38,Standard gill nets,3,3.6-11.0,1.3-2.3,NOP,113266,1988-07-11,10,13.8
01004000,Aitkin,3.88,0.71,Standard trap nets,8,1.4-5.0,0.4-0.8,YEB,113266,1988-07-11,31,22.1
01004000,Aitkin,0.50,0.82,Standard trap nets,8,N/A,N/A,NOP,113266,1988-07-11,4,3.3
01004000,Aitkin,0.67,1.90,Standard gill nets,3,0.2-2.2,1.5-1.9,SHR,113266,1988-07-11,2,3.8
01004000,Aitkin,0.67,1.20,Standard gill nets,3,1.0-3.2,1.0-2.1,WAE,113266,1988-07-11,2,2.4
01004000,Aitkin,0.12,3.00,Standard trap nets,8,0.2-1.0,1.5-4.9,SHR,113266,1988-07-11,1,3
01004000,Aitkin,3.00,2.14,Standard gill nets,3,0.7-3.5,1.5-2.4,WTS,113266,1988-07-11,9,19.3
01004000,Aitkin,60.33,0.65,Standard gill nets,3,1.0-38.0,0.3-0.7,BLB,113266,1988-07-11,181,117.95
01004000,Aitkin,9.33,0.20,Standard gill nets,3,3.8-22.8,0.1-0.2,YEP,113266,1988-07-11,28,5.5
01004000,Aitkin,0.25,4.00,Standard trap nets,8,0.3-1.1,1.2-3.4,WAE,113266,1988-07-11,2,8
01004000,Aitkin,0.12,0.10,Standard trap nets,8,0.2-0.6,0.2-1.0,LMB,113266,1988-07-11,1,0.1
01004000,Aitkin,9.75,0.21,Standard trap nets,8,1.5-6.8,0.1-0.3,PMK,113266,1988-07-11,78,16.1
01004000,Aitkin,9.12,0.22,Standard trap nets,8,4.0-28.1,0.1-0.3,BLG,113266,1988-07-11,73,15.9
01004000,Aitkin,1.12,6.19,Standard trap nets,8,0.3-1.2,3.3-5.5,BOF,113266,1988-07-11,9,55.7
01004000,Aitkin,0.12,3.50,Standard trap nets,8,0.2-1.4,1.6-3.0,WTS,113266,1988-07-11,1,3.5
01004000,Aitkin,1.75,0.61,Standard trap nets,8,0.7-4.3,0.2-0.6,BLC,113266,1988-07-11,14,8.6
01004000,Aitkin,1.17,0.00,Standard trap nets,12,0.3-1.2,3.3-5.5,BOF,113295,1989-07-11,14,0
01004000,Aitkin,8.00,0.30,Standard trap nets,12,4.0-28.1,0.1-0.3,BLG,113295,1989-07-11,96,28.9
01004000,Aitkin,4.75,0.31,Standard trap nets,12,0.5-3.3,0.1-0.2,YEP,113295,1989-07-11,57,17.45
01004000,Aitkin,0.08,1.40,Standard trap nets,12,0.2-0.6,0.2-1.0,LMB,113295,1989-07-11,1,1.4
01004000,Aitkin,6.33,0.60,Standard trap nets,12,0.5-4.3,0.5-0.9,BRB,113295,1989-07-11,76,45.8
01004000,Aitkin,1.25,0.58,Standard trap nets,12,0.7-4.3,0.2-0.6,BLC,113295,1989-07-11,15,8.75
01004000,Aitkin,1.33,0.90,Standard trap nets,12,N/A,N/A,NOP,113295,1989-07-11,16,14.45
01004000,Aitkin,0.17,0.35,Standard trap nets,12,0.5-11.3,0.3-0.8,BLB,113295,1989-07-11,2,0.7
01004000,Aitkin,0.08,2.70,Standard trap nets,12,0.2-1.4,1.6-3.0,WTS,113295,1989-07-11,1,2.7
01004000,Aitkin,1.00,2.29,Standard trap nets,12,0.3-1.1,1.2-3.4,WAE,113295,1989-07-11,12,27.45
01004000,Aitkin,14.08,0.24,Standard trap nets,12,1.5-6.8,0.1-0.3,PMK,113295,1989-07-11,169,40.3
01004000,Aitkin,0.08,1.80,Standard trap nets,12,0.2-1.0,1.5-4.9,SHR,113295,1989-07-11,1,1.8
01004000,Aitkin,7.50,0.55,Standard trap nets,12,1.4-5.0,0.4-0.8,YEB,113295,1989-07-11,90,49.1
01004000,Aitkin,0.83,0.38,Standard trap nets,6,0.5-11.3,0.3-0.8,BLB,113105,1977-06-22,5,1.9
01004000,Aitkin,0.50,0.60,Standard trap nets,6,0.5-4.3,0.5-0.9,BRB,113105,1977-06-22,3,1.8
01004000,Aitkin,1.00,0.20,Standard trap nets,6,0.5-3.3,0.1-0.2,YEP,113105,1977-06-22,6,1.2
01004000,Aitkin,3.67,0.45,Standard gill nets,3,0.6-7.0,0.3-0.7,YEB,113105,1977-06-22,11,5
01004000,Aitkin,6.67,0.77,Standard gill nets,3,3.6-11.0,1.3-2.3,NOP,113105,1977-06-22,20,15.3
01004000,Aitkin,3.17,0.52,Standard trap nets,6,1.4-5.0,0.4-0.8,YEB,113105,1977-06-22,19,9.9
01004000,Aitkin,1.50,0.36,Standard trap nets,6,N/A,N/A,NOP,113105,1977-06-22,9,3.2
01004000,Aitkin,0.67,0.75,Standard gill nets,3,1.0-3.2,1.0-2.1,WAE,113105,1977-06-22,2,1.5
01004000,Aitkin,2.00,0.30,Standard gill nets,3,N/A,N/A,PMK,113105,1977-06-22,6,1.8
01004000,Aitkin,0.33,5.20,Standard gill nets,3,0.2-0.7,2.9-4.6,BOF,113105,1977-06-22,1,5.2
01004000,Aitkin,3.33,1.95,Standard gill nets,3,0.7-3.5,1.5-2.4,WTS,113105,1977-06-22,10,19.5
01004000,Aitkin,0.33,0.50,Standard gill nets,3,1.0-38.0,0.3-0.7,BLB,113105,1977-06-22,1,0.5
01004000,Aitkin,36.00,0.23,Standard gill nets,3,3.8-22.8,0.1-0.2,YEP,113105,1977-06-22,108,24.7
01004000,Aitkin,82.67,0.29,Standard gill nets,3,0.7-4.5,0.4-0.9,BRB,113105,1977-06-22,248,72
01004000,Aitkin,0.83,1.16,Standard trap nets,6,0.3-1.1,1.2-3.4,WAE,113105,1977-06-22,5,5.8
01004000,Aitkin,2.33,0.23,Standard trap nets,6,1.5-6.8,0.1-0.3,PMK,113105,1977-06-22,14,3.2
01004000,Aitkin,0.17,0.10,Standard trap nets,6,4.0-28.1,0.1-0.3,BLG,113105,1977-06-22,1,0.1
01004000,Aitkin,0.67,3.92,Standard trap nets,6,0.3-1.2,3.3-5.5,BOF,113105,1977-06-22,4,15.7
01004000,Aitkin,0.17,0.40,Standard trap nets,6,0.7-4.3,0.2-0.6,BLC,113105,1977-06-22,1,0.4
01004000,Aitkin,0.22,0.82,Standard trap nets,9,0.5-4.3,0.5-0.9,BRB,970818551751003,2008-07-14,2,748
01004000,Aitkin,0.22,0.27,Standard trap nets,9,0.5-3.3,0.1-0.2,YEP,970818551751003,2008-07-14,2,247
01004000,Aitkin,0.50,0.74,Standard gill nets,6,0.6-7.0,0.3-0.7,YEB,970818551751003,2008-07-14,3,1001
01004000,Aitkin,4.33,1.47,Standard gill nets,6,3.6-11.0,1.3-2.3,NOP,970818551751003,2008-07-14,26,17367
01004000,Aitkin,2.89,0.93,Standard trap nets,9,1.4-5.0,0.4-0.8,YEB,970818551751003,2008-07-14,26,10959
01004000,Aitkin,1.11,1.63,Standard trap nets,9,N/A,N/A,NOP,970818551751003,2008-07-14,10,7400
01004000,Aitkin,0.33,2.59,Standard gill nets,6,0.2-2.2,1.5-1.9,SHR,970818551751003,2008-07-14,2,2349
01004000,Aitkin,0.33,3.46,Standard gill nets,6,1.0-3.2,1.0-2.1,WAE,970818551751003,2008-07-14,2,3143
01004000,Aitkin,0.33,1.19,Standard gill nets,6,0.3-0.9,0.6-1.5,LMB,970818551751003,2008-07-14,2,1084
01004000,Aitkin,1.00,0.40,Standard gill nets,6,N/A,N/A,BLG,970818551751003,2008-07-14,6,1081
01004000,Aitkin,0.83,0.14,Standard gill nets,6,N/A,N/A,PMK,970818551751003,2008-07-14,5,320
01004000,Aitkin,0.17,8.71,Standard gill nets,6,0.2-0.7,2.9-4.6,BOF,970818551751003,2008-07-14,1,3950
01004000,Aitkin,1.33,0.21,Standard gill nets,6,1.0-10.5,0.2-0.3,BLC,970818551751003,2008-07-14,8,773
01004000,Aitkin,5.67,0.19,Standard gill nets,6,3.8-22.8,0.1-0.2,YEP,970818551751003,2008-07-14,34,2987
01004000,Aitkin,0.50,1.23,Standard gill nets,6,0.7-4.5,0.4-0.9,BRB,970818551751003,2008-07-14,3,1679
01004000,Aitkin,0.22,2.62,Standard trap nets,9,0.3-1.1,1.2-3.4,WAE,970818551751003,2008-07-14,2,2378
01004000,Aitkin,0.33,2.37,Standard trap nets,9,0.2-0.6,0.2-1.0,LMB,970818551751003,2008-07-14,3,3222
01004000,Aitkin,2.78,0.31,Standard trap nets,9,1.5-6.8,0.1-0.3,PMK,970818551751003,2008-07-14,25,3500
01004000,Aitkin,9.78,0.42,Standard trap nets,9,4.0-28.1,0.1-0.3,BLG,970818551751003,2008-07-14,88,16869
01004000,Aitkin,2.67,4.73,Standard trap nets,9,0.3-1.2,3.3-5.5,BOF,970818551751003,2008-07-14,24,51504
01004000,Aitkin,0.56,0.34,Standard trap nets,9,0.7-4.3,0.2-0.6,BLC,970818551751003,2008-07-14,5,773
01004000,Aitkin,9.29,0.00,Backpack electrofishing,1.39972222222222,N/A,N/A,PMK,13731619451675000,2016-07-13,13,0
01004000,Aitkin,0.09,0.00,15-ft beach seine,11,N/A,N/A,FND,13731619451675000,2016-07-13,1,0
01004000,Aitkin,0.71,0.00,Backpack electrofishing,1.39972222222222,N/A,N/A,IOD,13731619451675000,2016-07-13,1,0
01004000,Aitkin,5.72,0.00,Backpack electrofishing,1.39972222222222,N/A,N/A,BLG,13731619451675000,2016-07-13,8,0
01004000,Aitkin,7.14,0.00,Backpack electrofishing,1.39972222222222,N/A,N/A,LMB,13731619451675000,2016-07-13,10,0
01004000,Aitkin,3.57,0.00,Backpack electrofishing,1.39972222222222,N/A,N/A,YEP,13731619451675000,2016-07-13,5,0
01004000,Aitkin,3.57,0.00,Backpack electrofishing,1.39972222222222,N/A,N/A,JND,13731619451675000,2016-07-13,5,0
01004000,Aitkin,0.71,0.00,Backpack electrofishing,1.39972222222222,N/A,N/A,NOP,13731619451675000,2016-07-13,1,0
01004000,Aitkin,0.71,0.00,Backpack electrofishing,1.39972222222222,N/A,N/A,TPM,13731619451675000,2016-07-13,1,0
01004000,Aitkin,5.72,0.00,Backpack electrofishing,1.39972222222222,N/A,N/A,CNM,13731619451675000,2016-07-13,8,0
01004000,Aitkin,0.36,0.00,15-ft beach seine,11,N/A,N/A,BLG,13731619451675000,2016-07-13,4,0
01004000,Aitkin,1.36,0.00,15-ft beach seine,11,N/A,N/A,LMB,13731619451675000,2016-07-13,15,0
01004000,Aitkin,0.09,0.00,15-ft beach seine,11,N/A,N/A,YEP,13731619451675000,2016-07-13,1,0
01004000,Aitkin,0.27,0.00,15-ft beach seine,11,N/A,N/A,NOP,13731619451675000,2016-07-13,3,0
01004000,Aitkin,0.09,0.00,15-ft beach seine,11,N/A,N/A,BLC,13731619451675000,2016-07-13,1,0
01004000,Aitkin,0.33,0.67,Standard trap nets,9,0.5-11.3,0.3-0.8,BLB,113362,1993-07-12,3,909
01004000,Aitkin,1.11,0.71,Standard trap nets,9,0.5-4.3,0.5-0.9,BRB,113362,1993-07-12,10,3231
01004000,Aitkin,1.89,0.21,Standard trap nets,9,0.5-3.3,0.1-0.2,YEP,113362,1993-07-12,17,1626
01004000,Aitkin,0.17,0.59,Standard gill nets,6,0.6-7.0,0.3-0.7,YEB,113362,1993-07-12,1,267
01004000,Aitkin,8.67,0.90,Standard gill nets,6,3.6-11.0,1.3-2.3,NOP,113362,1993-07-12,52,21299
01004000,Aitkin,14.67,0.00,Survey seining,3,N/A,N/A,OTM,113362,1993-07-12,44,0
01004000,Aitkin,0.33,0.70,Standard trap nets,9,1.4-5.0,0.4-0.8,YEB,113362,1993-07-12,3,956
01004000,Aitkin,0.67,0.97,Standard trap nets,9,N/A,N/A,NOP,113362,1993-07-12,6,2634
01004000,Aitkin,0.67,2.09,Standard gill nets,6,0.2-2.2,1.5-1.9,SHR,113362,1993-07-12,4,3792
01004000,Aitkin,1.67,0.00,Survey seining,3,N/A,N/A,LMB,113362,1993-07-12,5,0
01004000,Aitkin,0.67,2.48,Standard gill nets,6,1.0-3.2,1.0-2.1,WAE,113362,1993-07-12,4,4494
01004000,Aitkin,0.17,1.57,Standard gill nets,6,0.3-0.9,0.6-1.5,LMB,113362,1993-07-12,1,710
01004000,Aitkin,0.17,0.66,Standard gill nets,6,N/A,N/A,BLG,113362,1993-07-12,1,298
01004000,Aitkin,50.00,0.00,Survey seining,3,N/A,N/A,YEP,113362,1993-07-12,150,0
01004000,Aitkin,0.33,0.26,Standard gill nets,6,N/A,N/A,PMK,113362,1993-07-12,2,240
01004000,Aitkin,0.17,7.41,Standard gill nets,6,0.2-0.7,2.9-4.6,BOF,113362,1993-07-12,1,3360
01004000,Aitkin,0.67,2.76,Standard gill nets,6,0.7-3.5,1.5-2.4,WTS,113362,1993-07-12,4,5011
01004000,Aitkin,1.33,0.21,Standard gill nets,6,1.0-10.5,0.2-0.3,BLC,113362,1993-07-12,8,768
01004000,Aitkin,0.83,0.76,Standard gill nets,6,1.0-38.0,0.3-0.7,BLB,113362,1993-07-12,5,1716
01004000,Aitkin,15.33,0.17,Standard gill nets,6,3.8-22.8,0.1-0.2,YEP,113362,1993-07-12,92,7110
01004000,Aitkin,3.00,0.84,Standard gill nets,6,0.7-4.5,0.4-0.9,BRB,113362,1993-07-12,18,6860
01004000,Aitkin,0.11,1.59,Standard trap nets,9,0.3-1.1,1.2-3.4,WAE,113362,1993-07-12,1,720
01004000,Aitkin,1.56,0.50,Standard trap nets,9,4.0-28.1,0.1-0.3,BLG,113362,1993-07-12,14,3171
01004000,Aitkin,5.22,0.32,Standard trap nets,9,1.5-6.8,0.1-0.3,PMK,113362,1993-07-12,47,6740
01004000,Aitkin,0.78,6.63,Standard trap nets,9,0.3-1.2,3.3-5.5,BOF,113362,1993-07-12,7,21054
01004000,Aitkin,2.00,0.00,Survey seining,3,N/A,N/A,NOP,113362,1993-07-12,6,0
01004000,Aitkin,0.22,3.41,Standard trap nets,9,0.2-1.4,1.6-3.0,WTS,113362,1993-07-12,2,3095
01004000,Aitkin,0.78,0.54,Standard trap nets,9,0.7-4.3,0.2-0.6,BLC,113362,1993-07-12,7,1703
01004000,Aitkin,18.98,0.00,Backpack electrofishing,1.10666666666667,N/A,N/A,LMB,14091622428236002,2016-08-15,21,0
01004000,Aitkin,7.23,0.00,Backpack electrofishing,1.10666666666667,N/A,N/A,PMK,14091622428236002,2016-08-15,8,0
01004000,Aitkin,49.70,0.00,Backpack electrofishing,1.10666666666667,N/A,N/A,BLG,14091622428236002,2016-08-15,55,0
01004000,Aitkin,7.23,0.00,Backpack electrofishing,1.10666666666667,N/A,N/A,BLC,14091622428236002,2016-08-15,8,0
01004000,Aitkin,6.33,0.00,Backpack electrofishing,1.10666666666667,N/A,N/A,CNM,14091622428236002,2016-08-15,7,0
01004000,Aitkin,9.04,0.00,Backpack electrofishing,1.10666666666667,N/A,N/A,YEP,14091622428236002,2016-08-15,10,0
01004000,Aitkin,0.67,0.00,50-ft beach seine,3,N/A,N/A,NOP,14091622428236002,2016-08-15,2,0
01004000,Aitkin,4.52,0.00,Backpack electrofishing,1.10666666666667,N/A,N/A,JND,14091622428236002,2016-08-15,5,0
01004000,Aitkin,0.60,0.00,15-ft beach seine,5,N/A,N/A,CSH,14091622428236002,2016-08-15,3,0
01004000,Aitkin,2.71,0.00,Backpack electrofishing,1.10666666666667,N/A,N/A,TPM,14091622428236002,2016-08-15,3,0
01004000,Aitkin,0.20,0.00,15-ft beach seine,5,N/A,N/A,IOD,14091622428236002,2016-08-15,1,0
01004000,Aitkin,61.33,0.00,50-ft beach seine,3,N/A,N/A,GOS,14091622428236002,2016-08-15,184,0
01004000,Aitkin,2.00,0.00,15-ft beach seine,5,N/A,N/A,LMB,14091622428236002,2016-08-15,10,0
01004000,Aitkin,9.20,0.00,15-ft beach seine,5,N/A,N/A,BLG,14091622428236002,2016-08-15,46,0
01004000,Aitkin,0.20,0.00,15-ft beach seine,5,N/A,N/A,PMK,14091622428236002,2016-08-15,1,0
01004000,Aitkin,7.00,0.00,15-ft beach seine,5,N/A,N/A,YEP,14091622428236002,2016-08-15,35,0
01004000,Aitkin,0.90,0.00,Backpack electrofishing,1.10666666666667,N/A,N/A,BNS,14091622428236002,2016-08-15,1,0
01004000,Aitkin,0.90,0.00,Backpack electrofishing,1.10666666666667,N/A,N/A,YEB,14091622428236002,2016-08-15,1,0
01004000,Aitkin,24.40,0.00,Backpack electrofishing,1.10666666666667,N/A,N/A,GOS,14091622428236002,2016-08-15,27,0
01004000,Aitkin,3.00,0.00,50-ft beach seine,3,N/A,N/A,CSH,14091622428236002,2016-08-15,9,0
01004000,Aitkin,8.33,0.00,50-ft beach seine,3,N/A,N/A,LMB,14091622428236002,2016-08-15,25,0
01004000,Aitkin,36.67,0.00,50-ft beach seine,3,N/A,N/A,BLG,14091622428236002,2016-08-15,110,0
01004000,Aitkin,4.67,0.00,50-ft beach seine,3,N/A,N/A,PMK,14091622428236002,2016-08-15,14,0
01004000,Aitkin,0.90,0.00,Backpack electrofishing,1.10666666666667,N/A,N/A,HSF,14091622428236002,2016-08-15,1,0
01004000,Aitkin,183.33,0.00,50-ft beach seine,3,N/A,N/A,BLC,14091622428236002,2016-08-15,550,0
01004000,Aitkin,37.00,0.00,50-ft beach seine,3,N/A,N/A,YEP,14091622428236002,2016-08-15,111,0
01004000,Aitkin,0.90,0.00,Backpack electrofishing,1.10666666666667,N/A,N/A,CSH,14091622428236002,2016-08-15,1,0
01004000,Aitkin,1.81,0.00,Backpack electrofishing,1.10666666666667,N/A,N/A,IOD,14091622428236002,2016-08-15,2,0
01004000,Aitkin,0.33,0.86,Standard trap nets,9,0.5-4.3,0.5-0.9,BRB,113594,1998-06-22,3,1176
01004000,Aitkin,5.67,0.30,Standard trap nets,9,0.5-3.3,0.1-0.2,YEP,113594,1998-06-22,51,7011
01004000,Aitkin,0.67,0.42,Standard gill nets,6,0.6-7.0,0.3-0.7,YEB,113594,1998-06-22,4,770
01004000,Aitkin,5.83,0.75,Standard gill nets,6,3.6-11.0,1.3-2.3,NOP,113594,1998-06-22,35,11921
01004000,Aitkin,1.33,0.92,Standard trap nets,9,1.4-5.0,0.4-0.8,YEB,113594,1998-06-22,12,5013
01004000,Aitkin,1.00,0.81,Standard trap nets,9,N/A,N/A,NOP,113594,1998-06-22,9,3295
01004000,Aitkin,0.78,0.05,Standard trap nets,9,0.3-0.8,0.1-0.1,GOS,113594,1998-06-22,7,168
01004000,Aitkin,1.17,1.54,Standard gill nets,6,1.0-3.2,1.0-2.1,WAE,113594,1998-06-22,7,4895
01004000,Aitkin,0.33,0.41,Standard trap nets,9,N/A,N/A,HSF,113594,1998-06-22,3,552
01004000,Aitkin,0.17,7.89,Standard gill nets,6,0.2-0.7,2.9-4.6,BOF,113594,1998-06-22,1,3580
01004000,Aitkin,0.50,2.38,Standard gill nets,6,0.3-3.0,1.2-2.0,TLC,113594,1998-06-22,3,3240
01004000,Aitkin,1.50,2.88,Standard gill nets,6,0.7-3.5,1.5-2.4,WTS,113594,1998-06-22,9,11740
01004000,Aitkin,0.50,0.64,Standard gill nets,6,1.0-10.5,0.2-0.3,BLC,113594,1998-06-22,3,868
01004000,Aitkin,16.17,0.27,Standard gill nets,6,3.8-22.8,0.1-0.2,YEP,113594,1998-06-22,97,11845
01004000,Aitkin,1.50,1.73,Standard gill nets,6,0.7-4.5,0.4-0.9,BRB,113594,1998-06-22,9,7048
01004000,Aitkin,0.33,3.47,Standard trap nets,9,0.3-1.1,1.2-3.4,WAE,113594,1998-06-22,3,4720
01004000,Aitkin,0.22,0.08,Standard trap nets,9,0.2-0.6,0.2-1.0,LMB,113594,1998-06-22,2,77
01004000,Aitkin,3.67,0.43,Standard trap nets,9,1.5-6.8,0.1-0.3,PMK,113594,1998-06-22,33,6409
01004000,Aitkin,0.56,0.55,Standard trap nets,9,4.0-28.1,0.1-0.3,BLG,113594,1998-06-22,5,1256
01004000,Aitkin,0.33,5.21,Standard trap nets,9,0.3-1.2,3.3-5.5,BOF,113594,1998-06-22,3,7090
01004000,Aitkin,0.11,0.42,Standard trap nets,9,0.2-1.4,1.6-3.0,WTS,113594,1998-06-22,1,192
01004000,Aitkin,3.44,0.75,Standard trap nets,9,0.7-4.3,0.2-0.6,BLC,113594,1998-06-22,31,10478
01004000,Aitkin,0.33,1.70,Standard trap nets,9,0.5-4.3,0.5-0.9,BRB,13731610232322005,2016-07-12,3,2307
01004000,Aitkin,0.33,0.16,Standard trap nets,9,0.5-3.3,0.1-0.2,YEP,13731610232322005,2016-07-12,3,216
01004000,Aitkin,0.17,1.72,Standard gill nets,6,0.6-7.0,0.3-0.7,YEB,13731610232322005,2016-07-12,1,780
01004000,Aitkin,4.83,1.40,Standard gill nets,6,3.6-11.0,1.3-2.3,NOP,13731610232322005,2016-07-12,29,18435
01004000,Aitkin,0.17,5.35,Standard gill nets,6,N/A,N/A,CCF,13731610232322005,2016-07-12,1,2427
01004000,Aitkin,0.67,1.06,Standard trap nets,9,1.4-5.0,0.4-0.8,YEB,13731610232322005,2016-07-12,6,2892
01004000,Aitkin,0.44,1.11,Standard trap nets,9,N/A,N/A,NOP,13731610232322005,2016-07-12,4,2022
01004000,Aitkin,0.83,2.34,Standard gill nets,6,1.0-3.2,1.0-2.1,WAE,13731610232322005,2016-07-12,5,5314
01004000,Aitkin,0.33,2.17,Standard gill nets,6,0.3-0.9,0.6-1.5,LMB,13731610232322005,2016-07-12,2,1965
01004000,Aitkin,1.17,0.72,Standard gill nets,6,N/A,N/A,BLG,13731610232322005,2016-07-12,7,2293
01004000,Aitkin,0.67,0.15,Standard gill nets,6,N/A,N/A,PMK,13731610232322005,2016-07-12,4,270
01004000,Aitkin,0.67,2.93,Standard gill nets,6,0.2-0.7,2.9-4.6,BOF,13731610232322005,2016-07-12,4,5310
01004000,Aitkin,0.67,1.92,Standard gill nets,6,0.7-3.5,1.5-2.4,WTS,13731610232322005,2016-07-12,4,3478
01004000,Aitkin,2.67,0.26,Standard gill nets,6,1.0-10.5,0.2-0.3,BLC,13731610232322005,2016-07-12,16,1860
01004000,Aitkin,14.33,0.18,Standard gill nets,6,3.8-22.8,0.1-0.2,YEP,13731610232322005,2016-07-12,86,6921
01004000,Aitkin,0.33,1.46,Standard gill nets,6,0.7-4.5,0.4-0.9,BRB,13731610232322005,2016-07-12,2,1329
01004000,Aitkin,0.44,2.82,Standard trap nets,9,0.3-1.1,1.2-3.4,WAE,13731610232322005,2016-07-12,4,5117
01004000,Aitkin,0.11,0.14,Standard trap nets,9,0.2-0.6,0.2-1.0,LMB,13731610232322005,2016-07-12,1,64
01004000,Aitkin,3.44,0.24,Standard trap nets,9,4.0-28.1,0.1-0.3,BLG,13731610232322005,2016-07-12,31,3342
01004000,Aitkin,1.22,0.22,Standard trap nets,9,1.5-6.8,0.1-0.3,PMK,13731610232322005,2016-07-12,11,1079
01004000,Aitkin,1.22,4.38,Standard trap nets,9,0.3-1.2,3.3-5.5,BOF,13731610232322005,2016-07-12,11,21877
01004000,Aitkin,0.11,2.75,Standard trap nets,9,0.2-1.4,1.6-3.0,WTS,13731610232322005,2016-07-12,1,1249
01004000,Aitkin,0.78,0.35,Standard trap nets,9,0.7-4.3,0.2-0.6,BLC,13731610232322005,2016-07-12,7,1117
01003100,Anderson,1.50,0.23,Standard gill nets,2,1.5-9.5,0.2-0.7,BRB,113099,1976-07-28,3,0.7
01003100,Anderson,56.00,0.11,Standard gill nets,2,1.5-7.5,0.1-0.4,BLC,113099,1976-07-28,112,12.04
01003100,Anderson,9.00,0.20,Standard gill nets,2,1.5-48.5,0.1-0.3,BLB,113099,1976-07-28,18,3.6
01003100,Anderson,2.50,0.27,Standard trap nets,4,0.5-5.2,0.1-0.3,YEP,113099,1976-07-28,10,2.7
01003100,Anderson,2.50,0.10,Standard gill nets,2,0.5-5.1,0.1-0.1,GOS,113099,1976-07-28,5,0.5
01003100,Anderson,7.25,0.22,Standard trap nets,4,1.9-13.0,0.2-0.4,BLC,113099,1976-07-28,29,6.3
01003100,Anderson,1.50,0.13,Standard trap nets,4,1.8-26.3,0.1-0.4,BLB,113099,1976-07-28,6,0.8
01003100,Anderson,2.00,0.07,Standard trap nets,4,0.3-1.9,0.1-0.1,GOS,113099,1976-07-28,8,0.6
01003100,Anderson,20.50,0.23,Standard gill nets,2,2.5-23.3,0.1-0.2,YEP,113099,1976-07-28,41,9.5
01016900,Bachelor,0.22,1.28,Standard trap nets,9,0.5-5.9,0.4-0.9,BRB,113650,2001-07-18,2,1157
01016900,Bachelor,0.67,0.12,Standard trap nets,9,0.7-3.6,0.1-0.3,YEP,113650,2001-07-18,6,339
01016900,Bachelor,1.33,0.72,Standard gill nets,3,1.0-10.0,0.4-0.7,YEB,113650,2001-07-18,4,1305
01016900,Bachelor,7.00,2.82,Standard gill nets,3,2.7-9.3,1.6-2.9,NOP,113650,2001-07-18,21,26870
01016900,Bachelor,4.00,0.00,Survey seining,2,N/A,N/A,BCS,113650,2001-07-18,8,0
01016900,Bachelor,0.67,0.38,Standard gill nets,3,0.6-3.6,0.2-0.5,RKB,113650,2001-07-18,2,347
01016900,Bachelor,35.08,0.65,Standard electrofishing,1.08333333333333,N/A,N/A,LMB,113650,2001-07-18,38,11285
01016900,Bachelor,1.00,0.55,Standard trap nets,9,1.4-7.0,0.5-0.8,YEB,113650,2001-07-18,9,2246
01016900,Bachelor,0.33,0.68,Standard trap nets,9,N/A,N/A,NOP,113650,2001-07-18,3,932
01016900,Bachelor,0.33,0.42,Standard gill nets,3,N/A,N/A,HSF,113650,2001-07-18,1,192
01016900,Bachelor,1.50,0.00,Survey seining,2,N/A,N/A,LMB,113650,2001-07-18,3,0
01016900,Bachelor,4.00,0.00,Survey seining,2,N/A,N/A,BLG,113650,2001-07-18,8,0
01016900,Bachelor,0.44,0.33,Standard trap nets,9,0.3-1.8,0.2-0.5,RKB,113650,2001-07-18,4,590
01016900,Bachelor,2.50,0.00,Survey seining,2,N/A,N/A,PMK,113650,2001-07-18,5,0
01016900,Bachelor,0.33,0.56,Standard trap nets,9,N/A,N/A,HSF,113650,2001-07-18,3,756
01016900,Bachelor,1.33,1.16,Standard gill nets,3,0.5-1.5,0.4-1.2,LMB,113650,2001-07-18,4,2113
01016900,Bachelor,8.33,0.13,Standard gill nets,3,N/A,N/A,BLG,113650,2001-07-18,25,1476
01016900,Bachelor,1.00,0.00,Survey seining,2,N/A,N/A,YEP,113650,2001-07-18,2,0
01016900,Bachelor,2.67,0.29,Standard gill nets,3,N/A,N/A,PMK,113650,2001-07-18,8,1045
01016900,Bachelor,0.50,0.00,Survey seining,2,N/A,N/A,JND,113650,2001-07-18,1,0
01016900,Bachelor,1.00,4.46,Standard gill nets,3,0.5-1.5,2.5-4.2,BOF,113650,2001-07-18,3,6065
01016900,Bachelor,7.67,0.24,Standard gill nets,3,1.0-4.3,0.2-0.5,BLC,113650,2001-07-18,23,2542
01016900,Bachelor,2.11,0.48,Standard trap nets,9,0.4-2.0,0.2-0.9,LMB,113650,2001-07-18,19,4159
01016900,Bachelor,13.33,0.12,Standard trap nets,9,2.9-41.2,0.1-0.3,BLG,113650,2001-07-18,120,6478
01016900,Bachelor,6.00,0.18,Standard trap nets,9,1.5-7.4,0.1-0.2,PMK,113650,2001-07-18,54,4408
01016900,Bachelor,0.67,3.13,Standard trap nets,9,0.5-1.3,2.2-4.2,BOF,113650,2001-07-18,6,8524
01016900,Bachelor,1.22,0.23,Standard trap nets,9,0.7-4.3,0.2-0.5,BLC,113650,2001-07-18,11,1160
01016900,Bachelor,0.67,0.50,Standard gill nets,3,1.0-4.3,0.2-0.5,BLC,113336,1991-07-24,2,1
01016900,Bachelor,2.67,3.62,Standard gill nets,3,2.7-9.3,1.6-2.9,NOP,113336,1991-07-24,8,29
01016900,Bachelor,4.00,0.39,Standard gill nets,3,1.5-16.8,0.2-0.6,BLB,113336,1991-07-24,12,4.7
01016900,Bachelor,0.12,0.40,Standard trap nets,8,N/A,N/A,HSF,113336,1991-07-24,1,0.4
01016900,Bachelor,0.50,2.35,Standard trap nets,8,0.5-1.3,2.2-4.2,BOF,113336,1991-07-24,4,9.4
01016900,Bachelor,3.75,0.15,Standard trap nets,8,2.9-41.2,0.1-0.3,BLG,113336,1991-07-24,30,4.5
01016900,Bachelor,1.38,1.35,Standard trap nets,8,0.4-2.0,0.2-0.9,LMB,113336,1991-07-24,11,14.9
01016900,Bachelor,0.12,0.30,Standard trap nets,8,0.3-1.8,0.2-0.5,RKB,113336,1991-07-24,1,0.3
01016900,Bachelor,0.33,0.10,Standard gill nets,3,0.4-6.2,0.1-0.1,GOS,113336,1991-07-24,1,0.1
01016900,Bachelor,0.62,1.08,Standard trap nets,8,0.5-5.9,0.4-0.9,BRB,113336,1991-07-24,5,5.4
01016900,Bachelor,0.25,2.20,Standard trap nets,8,N/A,N/A,NOP,113336,1991-07-24,2,4.4
01016900,Bachelor,0.75,0.43,Standard trap nets,8,0.7-4.3,0.2-0.5,BLC,113336,1991-07-24,6,2.6
01016900,Bachelor,1.00,0.77,Standard gill nets,3,1.0-10.0,0.4-0.7,YEB,113336,1991-07-24,3,2.3
01016900,Bachelor,2.38,0.23,Standard trap nets,8,1.5-7.4,0.1-0.2,PMK,113336,1991-07-24,19,4.4
01016900,Bachelor,1.00,3.30,Standard gill nets,3,0.5-1.5,2.5-4.2,BOF,113336,1991-07-24,3,9.9
01016900,Bachelor,6.00,0.21,Standard gill nets,3,N/A,N/A,BLG,113336,1991-07-24,18,3.7
01016900,Bachelor,3.38,0.54,Standard trap nets,8,1.4-7.0,0.5-0.8,YEB,113336,1991-07-24,27,14.6
01016900,Bachelor,5.00,0.75,Standard gill nets,1,0.5-7.1,0.2-0.8,BRB,113175,1979-07-30,5,3.75
01016900,Bachelor,3.00,0.25,Standard gill nets,1,1.0-4.3,0.2-0.5,BLC,113175,1979-07-30,3,0.75
01016900,Bachelor,12.00,2.56,Standard gill nets,1,2.7-9.3,1.6-2.9,NOP,113175,1979-07-30,12,30.75
01016900,Bachelor,3.00,0.67,Standard gill nets,1,1.5-16.8,0.2-0.6,BLB,113175,1979-07-30,3,2
01016900,Bachelor,1.50,2.33,Standard trap nets,2,0.5-1.3,2.2-4.2,BOF,113175,1979-07-30,3,7
01016900,Bachelor,18.50,0.07,Standard trap nets,2,2.9-41.2,0.1-0.3,BLG,113175,1979-07-30,37,2.75
01016900,Bachelor,0.50,0.30,Standard trap nets,2,0.3-1.8,0.2-0.5,RKB,113175,1979-07-30,1,0.3
01016900,Bachelor,1.00,1.12,Standard trap nets,2,N/A,N/A,NOP,113175,1979-07-30,2,2.25
01016900,Bachelor,1.50,0.27,Standard trap nets,2,0.7-4.3,0.2-0.5,BLC,113175,1979-07-30,3,0.8
01016900,Bachelor,2.00,0.75,Standard gill nets,1,1.0-10.0,0.4-0.7,YEB,113175,1979-07-30,2,1.5
01016900,Bachelor,7.50,0.16,Standard trap nets,2,1.5-7.4,0.1-0.2,PMK,113175,1979-07-30,15,2.4
01016900,Bachelor,5.00,0.10,Standard gill nets,1,N/A,N/A,BLG,113175,1979-07-30,5,0.5
01016900,Bachelor,12.00,0.10,Standard gill nets,1,1.9-19.1,0.1-0.2,YEP,113175,1979-07-30,12,1.25
01016900,Bachelor,5.50,0.52,Standard trap nets,2,1.4-7.0,0.5-0.8,YEB,113175,1979-07-30,11,5.75
